108162,2278,423430876
65510,99,24816390
249732,99,13940159
267606,99,18299103
246804,99,28444094
232128,99,25638267
33446,99,13651479
185636,99,19252925
56581,99,17967081
42332,99,17589162
67073,99,13730083
4508,99,36850567
16318,99,24315155
41511,99,14829049
43616,99,13510030
31696,99,16957666
110403,99,13115273
34199,99,13757013
31416,99,19071488
151264,99,14418941
125048,99,16016395
9083,99,20303690
62576,99,13839346
102203,99,13117520
-1,1,0
-1,0
-1,0
-1,0
-1,0
-1,0
-1,0
-1,0
31270,1461
30959,267
21735,419
16797,659
461738,49
249459,20
73238,47
6123,5896
-1,2500
51439,2224
25708,698
-1,0
16346,876
12375,1477
100778,813
-1,0
-1,0
-1,0
25533,1028
56795,604
137107,13
304306,7
162018,54
207415,332
343670,7
-1,0
35564,180
339126,10
122897,151
76421,114
14832,350
447173,11
666362,11
444222,11
126267,25
-1,0
-1,1
339841,59
198240,159
35505,602
218815,59
139987,124
76903,490
228962,1356
101284,147
159146,97
301075,35
53811,6
104794,136
-1,0
-1,0
2359,199
252886,6
23226,948
-1,1
217036,64
-1,0
377470,16
-1,0
-1,0
224,3000
108607,37
244015,42
-1,0
44589,144
-1,0
60681,52
-1,0
-1,0
46601,1437
63942,97
-1,4
-1,0
121898,11
-1,3
-1,1
246988,7
53166,1396
14847,896
-1,0
1507,3033
346011,188
