36191,2277,410156845
63344,99,22736555
189612,99,13939558
180269,99,18098300
184735,99,27456656
183785,99,24070909
22655,99,13616806
124720,99,18770984
41324,99,17961801
28962,99,17458590
53963,99,13561625
3605,99,36843502
14749,99,21708052
36774,99,14588162
33231,99,13402640
27813,99,15506943
102829,99,13038056
33112,99,13449597
22083,99,18981262
105142,99,14086712
101949,99,15373207
8670,99,18644698
45791,99,13783122
73873,99,13079108
-1,-1
-1,-1
-1,-1
-1,-1
-1,-1
-1,-1
20589,1382
15296,266
14059,413
15349,590
387317,48
192246,20
53759,45
4913,5889
-1,-1
40050,2224
13152,698
-1,-1
7965,1477
80642,813
-1,-1
22197,1006
156772,8
236004,7
100833,54
157225,332
285304,7
-1,-1
28597,180
259792,10
99047,151
68396,114
10088,350
367982,11
519340,11
368530,11
71007,25
-1,-1
295836,59
162904,156
23571,602
162579,59
110326,124
65539,490
191714,1353
80816,147
115014,97
-1,-1
46478,5
83200,136
-1,-1
-1,-1
178015,8
162043,6
9502,948
-1,-1
268493,6
309254,16
-1,-1
-1,-1
167,3000
85542,37
165234,42
24713,144
-1,-1
-1,-1
-1,-1
50565,1149
50547,97
-1,-1
-1,-1
99671,11
-1,-1
-1,-1
181928,7
43377,1396
15029,797
11252,685
277957,188
