46683,2277,423056341
62567,99,24535582
229366,99,13940159
238289,99,18299103
222708,99,28350557
210258,99,25638267
29056,99,13651439
162299,99,19252925
52075,99,17967081
37564,99,17589012
58823,99,13730083
4321,99,36850567
14661,99,24315155
37203,99,14829049
38210,99,13510030
28375,99,16957666
100069,99,13115273
31874,99,13757013
30853,99,19071488
135771,99,14418941
111666,99,16016395
10029,99,20303690
59175,99,13839346
75837,99,13117520
-1,-1
-1,-1
-1,-1
-1,-1
-1,-1
-1,-1
26429,1461
24140,267
18880,419
15181,659
435842,49
229944,20
66008,47
5944,5896
-1,-1
50632,2224
21795,698
-1,-1
11170,864
10533,1477
93336,813
-1,-1
-1,-1
-1,-1
24668,1028
123414,13
284218,7
141250,54
188216,332
322398,7
-1,-1
32893,180
310815,10
116286,151
74815,114
13133,350
419451,11
611764,11
417827,11
100015,25
-1,-1
-1,-1
324920,59
187210,159
29836,602
197746,59
129531,124
72938,490
217586,1356
94957,147
144548,97
227881,35
48008,6
97746,136
-1,-1
-1,-1
2075,199
223208,6
18876,948
-1,-1
192400,64
354885,16
-1,-1
-1,-1
193,3000
100542,37
212176,42
-1,-1
38420,144
-1,-1
52133,52
-1,-1
-1,-1
43436,1437
60153,97
-1,-1
-1,-1
114746,11
-1,-1
-1,-1
223437,7
50203,1396
13657,896
-1,-1
1283,3033
322882,188
