101381,2278,423056491
66456,99,24535582
244738,99,13940159
260117,99,18299103
242044,99,28350557
227235,99,25638267
32420,99,13651439
180647,99,19252925
55777,99,17967081
41445,99,17589162
66907,99,13730083
4512,99,36850567
16160,99,24315155
40565,99,14829049
43521,99,13510030
31386,99,16957666
108155,99,13115273
33947,99,13757013
31383,99,19071488
147625,99,14418941
121805,99,16016395
9421,99,20303690
61583,99,13839346
99351,99,13117520
-1,1,0
-1,-1
-1,-1
-1,-1
-1,-1
-1,-1
-1,-1
-1,-1
30137,1461
29022,267
20954,419
16680,659
455574,49
244885,20
71569,47
6017,5896
-1,-1
50997,2224
25532,698
-1,-1
15230,872
11882,1477
99046,813
-1,-1
-1,-1
-1,-1
25207,1028
134820,13
300467,7
156915,54
202584,332
338520,7
-1,-1
34866,180
331724,10
121129,151
76108,114
14473,350
440523,11
654963,11
438001,11
120748,25
-1,-1
-1,-1
335798,59
195411,159
34083,602
213875,59
137562,124
75937,490
226317,1356
99666,147
155686,97
285078,35
52402,6
102605,136
-1,-1
-1,-1
2285,199
245231,6
21968,948
-1,-1
212470,64
-1,-1
371866,16
-1,-1
-1,-1
221,3000
107010,37
237240,42
-1,-1
42862,144
-1,-1
58346,52
-1,-1
-1,-1
45792,1437
62938,97
-1,-1
-1,-1
120176,11
-1,-1
-1,-1
241907,7
52417,1396
14870,896
-1,-1
1722,3033
340540,188
