30921,2277,400926507
65257,99,21293873
167496,99,13939558
161259,99,17815580
168824,99,26499041
170780,99,22909183
17823,99,13606930
100468,99,18712176
36451,99,17960541
24211,99,17419468
50607,99,13502878
3473,99,36842512
14311,99,20887190
37894,99,14357283
28701,99,13381216
25195,99,15074482
86057,99,13037556
28194,99,13441311
20318,99,18497094
99126,99,13711911
104908,99,14551375
10706,99,16736790
36220,99,13678195
66016,99,13070364
-1,-1
-1,-1
-1,-1
-1,-1
-1,-1
-1,-1
21368,1215
11455,264
19154,257
14113,584
358355,47
177297,19
45894,44
4204,5874
-1,-1
34830,2224
9883,690
7060,1477
70168,813
-1,-1
20137,1004
138838,8
199096,7
-1,-1
187665,153
253334,6
-1,-1
134184,25
220129,10
85280,151
64172,114
8394,350
330023,11
464193,11
331341,11
64867,25
-1,-1
270249,59
143577,156
20696,589
141385,59
97881,124
72120,425
172195,1353
70199,147
100869,97
44800,4
68389,136
-1,-1
-1,-1
162612,8
120008,6
8331,892
-1,-1
375574,9
-1,-1
125,3000
73735,37
132041,42
15637,108
-1,-1
-1,-1
-1,-1
44537,1149
42424,97
-1,-1
-1,-1
90457,11
-1,-1
-1,-1
146432,7
40496,1388
15606,762
11330,588
260045,178
