33654,2277,407307356
64908,99,22093585
180593,99,13939558
170415,99,18094780
179238,99,26975190
181980,99,23258525
20677,99,13607367
114108,99,18750850
39328,99,17961801
27035,99,17458440
51102,99,13561625
3553,99,36842512
14221,99,21707395
34330,99,14588149
31437,99,13398810
26465,99,15343500
94982,99,13038056
30702,99,13448929
21715,99,18981262
106772,99,13733031
100651,99,15103843
8474,99,18643043
43469,99,13697997
68745,99,13079108
-1,-1
-1,-1
-1,-1
-1,-1
-1,-1
-1,-1
19172,1371
13498,265
13072,412
14959,584
375613,47
188369,19
50516,44
4725,5889
-1,-1
40183,2224
11733,698
-1,-1
7572,1477
75830,813
-1,-1
21590,1004
149459,8
218899,7
84944,54
200782,153
272001,7
-1,-1
27186,180
243077,10
92854,151
66866,114
9167,350
350906,11
495348,11
351854,11
68527,25
-1,-1
286219,59
154784,156
22627,589
153520,59
104585,124
66713,470
182973,1353
75830,147
108008,97
-1,-1
49084,4
78404,136
-1,-1
-1,-1
171540,8
143807,6
8899,948
-1,-1
214542,6
297441,16
-1,-1
-1,-1
138,3000
80679,37
151108,42
20757,144
-1,-1
-1,-1
-1,-1
47869,1149
47373,97
-1,-1
-1,-1
95247,11
-1,-1
-1,-1
165724,7
44376,1388
14399,797
12002,599
269116,188
