44626,2277,423056341
60703,99,24535582
222691,99,13940159
226908,99,18299103
213596,99,28350557
200222,99,25638267
27172,99,13651439
154241,99,19252925
50135,99,17967081
35934,99,17589012
52067,99,13730083
4103,99,36850567
14106,99,24315155
35918,99,14829049
36454,99,13510030
26285,99,16957666
96118,99,13115273
30296,99,13757013
27037,99,19071488
130537,99,14418941
108070,99,16016395
8273,99,20303690
56145,99,13839346
70682,99,13117520
-1,-1
-1,-1
-1,-1
-1,-1
-1,-1
-1,-1
24793,1461
22062,267
17901,419
14488,659
426736,49
222759,20
63658,47
5677,5896
-1,-1
49229,2224
19362,698
-1,-1
9924,864
10010,1477
91381,813
-1,-1
-1,-1
-1,-1
23703,1028
118810,13
275789,7
135342,54
181724,332
316436,7
-1,-1
32253,180
301979,10
113825,151
73390,114
12643,350
409998,11
590904,11
408861,11
86266,25
-1,-1
320322,59
183938,159
28365,602
191935,59
126056,124
71678,490
213896,1356
92858,147
139922,97
197178,35
46201,6
95568,136
-1,-1
-1,-1
1970,199
213737,6
17424,948
-1,-1
172297,64
347637,16
-1,-1
-1,-1
185,3000
97953,37
203428,42
-1,-1
36547,144
-1,-1
49484,52
-1,-1
-1,-1
42538,1437
58974,97
-1,-1
-1,-1
112532,11
-1,-1
-1,-1
216068,7
48883,1396
13159,896
-1,-1
1193,3033
315650,188
