44116,2277,423056341
60348,99,24535582
221302,99,13940159
224771,99,18299103
212057,99,28350557
199238,99,25638267
26961,99,13651439
152801,99,19252925
49826,99,17967081
35513,99,17589012
51940,99,13730083
4178,99,36850567
13974,99,24315155
35627,99,14829049
36064,99,13510030
26263,99,16957666
95484,99,13115273
29980,99,13757013
26777,99,19071488
129245,99,14418941
107194,99,16016395
8011,99,20303690
55571,99,13839346
70071,99,13117520
-1,-1
-1,-1
-1,-1
-1,-1
-1,-1
-1,-1
24261,1461
21448,267
17506,419
14387,659
424051,49
220581,20
62975,47
5656,5896
-1,-1
50220,2224
19022,698
-1,-1
9075,864
9845,1477
90904,813
-1,-1
-1,-1
-1,-1
23491,1028
116960,13
274413,7
134019,54
180138,332
315355,7
-1,-1
32096,180
299928,10
113236,151
72934,114
12517,350
408061,11
587400,11
407033,11
82516,25
-1,-1
319481,59
183154,159
28052,602
190553,59
125190,124
71306,490
212992,1356
92336,147
138797,97
191341,35
45733,6
95103,136
-1,-1
-1,-1
1933,199
211309,6
16991,948
-1,-1
169114,64
345687,16
-1,-1
-1,-1
184,3000
97473,37
201621,42
-1,-1
35900,144
-1,-1
48700,52
-1,-1
-1,-1
42308,1437
58662,97
-1,-1
-1,-1
111970,11
-1,-1
-1,-1
214884,7
48687,1396
13061,896
-1,-1
1184,3033
313994,188
