52933,2353,352281685
232052,99,15137269
205284,99,14598818
224677,99,20294163
194024,99,32368534
260499,99,23350762
227174,96,9754741
116424,99,23589594
151511,99,13771654
65919,99,14972121
114566,99,13255411
88108,99,13365188
150636,99,13300385
96411,99,13682967
177144,93,7700851
67909,99,14195747
187153,94,8740865
121695,99,13034706
203059,97,11092612
217059,99,13071295
103080,99,17067771
95310,99,13045815
206904,92,6601970
54017,99,13252110
48472,99,13036336
-1,0
-1,0
-1,0
-1,0
-1,0
-1,0
-1,0
90507,717
47464,170
63243,153
73888,256
260633,109
289353,16
176952,13
253456,581
-1,2500
-1,0
32992,595
165000,1698
41458,686
113524,374
67464,1163
74543,63
166293,110
111052,46
59746,714
-1,1
279747,11
-1,0
155864,522
186852,69
-1,0
106618,51
773,1662
118857,158
-1,0
34346,193
32275,838
205180,249
168177,182
283037,25
-1,0
-1,1
79532,589
228170,121
274906,53
71173,116
37098,377
65949,553
524149,147
161060,52
102950,160
79519,228
162298,2
-1,0
-1,0
-1,0
93687,18
-1,3
187501,64
9220,645
464143,12
-1,0
99015,45
-1,0
-1,0
82614,261
72352,52
140044,224
251815,13
-1,1
160756,138
-1,1
-1,0
-1,0
315117,21
276714,11
-1,1
-1,0
83778,15
-1,1
61220,194
239493,8
506844,76
347234,435
-1,0
-1,0
78542,1525
