40354,2376,383649658
215591,99,15680602
186266,99,15095717
215794,99,21404879
187364,99,33708991
250387,99,24634618
212854,99,13034611
112856,99,24450627
142304,99,13965896
67870,99,15006601
113139,99,13277034
82174,99,13502692
153732,99,13300529
97183,99,13710854
152420,99,13034442
30707,99,17233061
158412,99,13034522
124404,99,13034768
199411,99,13034433
183647,99,13621817
102534,99,17320982
97669,99,13045815
130313,99,13041722
45409,99,13306870
22120,99,13167575
-1,0
-1,0
-1,0
-1,0
-1,0
-1,0
-1,0
91380,735
51788,170
66582,153
70838,271
259509,112
296067,16
181028,13
255933,581
-1,2500
-1,0
34200,595
173930,1698
41615,704
91778,494
69061,1163
81547,63
129142,313
109596,52
60773,714
-1,0
-1,1
283128,11
-1,0
160658,522
188815,71
-1,0
108831,51
802,1662
99784,211
-1,0
35673,193
32779,838
209402,249
170890,182
288413,25
-1,0
97130,200
80986,589
232280,121
284737,53
73550,116
37802,377
66965,553
534416,147
164287,52
62462,272
88365,228
164747,2
-1,0
-1,0
-1,0
96092,18
-1,3
206537,64
9452,645
481210,12
-1,0
100985,45
-1,0
-1,0
85218,261
73835,52
145587,224
274876,13
-1,1
175239,138
-1,1
-1,0
-1,0
322270,21
287781,11
-1,1
-1,0
85080,15
-1,1
62297,194
245302,8
517706,76
351092,435
-1,0
-1,0
77396,1561
