164479,2136,205494377
502906,94,8279045
639618,88,4820491
282489,99,15265272
359469,99,19409552
556020,98,12347511
322111,86,3599161
176668,99,17100015
180128,99,13271932
140928,99,13129114
295847,94,8658112
72066,99,13356064
530651,90,5350677
253177,93,7369588
225443,88,4785844
118549,99,13055467
275249,88,4770776
175226,89,4843177
231748,91,6270453
348661,93,7299728
231954,99,13223997
198344,86,3660474
338869,83,2817659
388969,83,2810268
-1,-1
-1,-1
-1,-1
-1,-1
-1,-1
-1,-1
94892,564
29150,169
49250,141
102437,157
305644,75
293105,11
159729,11
218783,574
-1,-1
-1,-1
89807,259
-1,-1
229009,29
-1,-1
-1,-1
-1,-1
-1,-1
53713,705
-1,-1
234205,11
-1,-1
159053,361
172599,63
-1,-1
106317,42
488,1659
172998,58
-1,-1
27455,190
28700,837
175054,248
149563,181
-1,-1
-1,-1
70847,589
224858,97
242592,42
61755,111
33205,372
58626,553
454837,147
-1,-1
82993,157
-1,-1
154026,1
-1,-1
-1,-1
-1,-1
77075,18
-1,-1
149938,58
7729,645
-1,-1
101983,41
-1,-1
-1,-1
60312,261
68657,50
105708,224
-1,-1
-1,-1
-1,-1
-1,-1
-1,-1
-1,-1
-1,-1
-1,-1
-1,-1
79630,14
-1,-1
54864,194
193078,8
488056,51
618593,160
-1,-1
104969,1089
