170185,2063,142853809
445915,91,6507411
634968,84,2990769
325541,99,13382287
348138,99,15770912
476123,96,10248120
249016,85,3275581
198825,99,14015511
412579,91,5952022
175232,93,7510779
327233,90,5360785
224720,91,5909675
400134,90,5350637
238726,88,4399814
156315,88,4693492
302299,82,2574699
198893,88,4403710
179446,85,3261667
185292,91,5911788
342373,90,5392136
266900,92,7027903
147562,86,3621568
267904,82,2508570
274883,83,2783973
-1,-1
-1,-1
-1,-1
73993,513
13910,169
31252,141
85900,146
383077,36
225602,11
118337,10
118233,570
-1,-1
-1,-1
37581,259
167319,29
-1,-1
-1,-1
42019,696
-1,-1
143375,11
-1,-1
-1,-1
137258,63
-1,-1
82064,42
339,1659
127590,58
-1,-1
18764,190
23709,837
137843,248
121102,181
-1,-1
83537,367
166429,97
173435,42
64497,88
25717,369
47730,553
357176,147
-1,-1
60044,157
116609,1
-1,-1
-1,-1
-1,-1
57015,18
-1,-1
101998,58
5361,643
305443,12
-1,-1
34198,252
49003,48
80050,87
-1,-1
-1,-1
-1,-1
-1,-1
-1,-1
-1,-1
71657,12
39260,194
99126,8
381509,51
477243,160
-1,-1
97777,977
