122217,2195,255123699
369154,99,13109464
464613,94,8281128
274413,99,16289733
288785,99,23654216
470141,99,14035707
331782,86,3815436
159305,99,18846245
192779,99,13273822
90864,99,13660673
284203,96,10228544
77671,99,13356064
307773,99,13043274
249967,94,8211273
240144,89,4850004
119358,99,13113340
170620,94,8055232
165105,90,5636689
208012,94,8021475
322277,94,8596478
135299,99,14860906
213830,86,3691364
213347,90,5456429
125639,99,13036203
-1,-1
-1,-1
-1,-1
-1,-1
-1,-1
-1,-1
85837,648
33739,169
54056,144
72334,230
298584,83
312146,11
170651,11
236944,574
-1,-1
-1,-1
107930,259
-1,-1
52495,556
250572,31
-1,-1
42862,62
166381,5
-1,-1
56782,705
-1,-1
252267,11
-1,-1
135690,522
179848,63
-1,-1
109290,45
525,1659
178478,63
-1,-1
29842,193
30136,837
185556,248
156635,181
-1,-1
-1,-1
74493,589
211051,121
260286,42
66559,112
34853,372
61047,553
480116,147
-1,-1
90156,160
-1,-1
164684,1
-1,-1
-1,-1
-1,-1
83163,18
-1,-1
160095,64
8257,645
-1,-1
108978,41
-1,-1
-1,-1
67349,261
72079,50
116730,224
-1,-1
-1,-1
178462,24
-1,-1
-1,-1
-1,-1
-1,-1
276754,5
-1,-1
-1,-1
83621,14
-1,-1
57782,194
209225,8
518162,51
316214,434
-1,-1
-1,-1
92165,1278
