49132,2341,341059452
228439,99,15112588
201446,99,14574137
217631,99,20260249
190180,99,32147105
263326,99,22771255
220661,96,9702341
111549,99,23540721
148248,99,13771654
64207,99,14965661
112149,99,13255411
85942,99,13365188
147759,99,13300385
93691,99,13682517
179277,93,7245113
66167,99,14195747
181680,94,8728810
119515,99,13034587
214276,95,9415910
210435,99,13071295
99631,99,17067771
112117,99,13034735
202383,92,6601970
50892,99,13252110
72832,89,4962192
-1,0
-1,0
-1,0
-1,0
-1,0
-1,0
-1,0
87782,717
44562,170
60906,153
72680,256
255527,109
283916,16
173213,13
250949,581
-1,2500
-1,0
32372,595
155924,1698
38839,683
108274,374
65991,1163
68889,63
156072,110
106880,46
59211,714
-1,1
273153,11
-1,0
151057,522
183514,69
-1,0
104434,51
750,1662
116848,158
-1,0
33256,193
31788,838
201367,249
165543,182
277469,25
-1,0
-1,1
78434,589
224041,121
264873,53
69073,116
36488,377
64855,553
513802,147
158024,52
99935,160
71725,228
160621,2
-1,0
-1,0
-1,0
91537,18
-1,3
181602,64
8970,645
448026,12
-1,0
97136,45
-1,0
-1,0
80178,261
71058,52
134743,224
229118,13
-1,1
145663,138
-1,1
-1,0
-1,0
308188,21
267132,11
-1,1
-1,0
82442,15
-1,1
60338,194
232536,8
496328,76
343306,435
-1,0
-1,0
77478,1525
