184319,2065,143726970
468333,92,6539828
634920,85,3290855
346218,99,13399939
371755,99,15832462
505492,96,10349419
269978,85,3295581
217359,99,14057325
439409,91,5956172
191545,93,7519887
347470,90,5366945
229390,91,5972161
426862,90,5350677
262251,88,4401049
171265,88,4694727
332092,82,2575084
215611,88,4415496
185626,85,3321672
191699,91,5961804
359989,90,5432882
290139,92,7037954
159672,86,3621568
285071,82,2549410
298590,83,2784073
-1,-1
-1,-1
-1,-1
-1,-1
-1,-1
-1,-1
80784,513
16588,169
34470,141
91225,146
400199,36
239161,11
127043,10
143781,570
-1,-1
-1,-1
49680,259
180648,29
-1,-1
-1,-1
45282,698
-1,-1
166186,11
-1,-1
-1,-1
143823,63
-1,-1
87448,42
355,1659
136784,58
-1,-1
20262,190
24702,837
145809,248
127415,181
-1,-1
-1,-1
91499,367
178841,97
188201,42
71470,88
27681,369
50109,553
377344,147
-1,-1
63797,157
123718,1
-1,-1
-1,-1
-1,-1
60851,18
-1,-1
111903,58
5879,643
320473,12
-1,-1
38579,261
54507,48
97018,91
-1,-1
-1,-1
-1,-1
-1,-1
-1,-1
-1,-1
-1,-1
-1,-1
69040,13
-1,-1
42691,194
126992,8
406442,51
506454,160
-1,-1
103022,978
