129543,2180,237690734
452452,97,10734254
641041,89,5219286
289548,99,15483490
340318,99,20772297
565792,98,12782415
328992,86,3663322
165723,99,17960760
186839,99,13273822
87306,99,13656333
282037,96,9942315
74782,99,13356064
300004,99,13043274
247445,94,7984617
232469,89,4847961
113721,99,13110790
286765,88,4822896
161276,90,5538775
201801,94,8019943
340750,93,7776526
188409,99,13633113
206032,86,3674864
210826,90,5359154
126249,99,13034463
-1,-1
-1,-1
-1,-1
-1,-1
-1,-1
-1,-1
97119,577
31872,169
52188,143
102489,163
300734,80
303968,11
165894,11
229137,574
-1,-1
-1,-1
98440,259
-1,-1
52785,530
237453,31
-1,-1
36534,62
-1,-1
-1,-1
55382,705
-1,-1
244415,11
-1,-1
131641,522
177382,63
-1,-1
109868,42
513,1659
179658,58
-1,-1
29093,190
29583,837
181056,248
153629,181
-1,-1
-1,-1
73224,589
233357,97
252371,42
64885,111
34176,372
60116,553
468937,147
-1,-1
86880,160
-1,-1
160194,1
-1,-1
-1,-1
-1,-1
80694,18
-1,-1
160387,58
8048,645
-1,-1
105784,41
-1,-1
-1,-1
64250,261
70667,50
112491,224
-1,-1
-1,-1
-1,-1
-1,-1
-1,-1
-1,-1
-1,-1
-1,-1
-1,-1
-1,-1
81916,14
-1,-1
56564,194
202301,8
505189,51
308298,434
-1,-1
103293,1135
