54138,2358,360312502
218294,99,15564653
189801,99,14979776
214936,99,21260478
189973,99,33207666
256249,99,23985449
229644,96,9825756
116730,99,23873601
153760,99,13771654
67309,99,14976794
111951,99,13277034
89250,99,13365188
152485,99,13300529
97593,99,13689527
179116,93,7701897
58814,99,14557679
188477,95,8813877
123238,99,13034742
197588,99,13034433
184815,99,13548496
105149,99,17069411
96659,99,13045815
179504,94,8138904
55586,99,13252110
54026,99,13037033
-1,0
-1,0
-1,0
-1,0
-1,0
-1,0
-1,0
91647,725
50314,170
65393,153
73371,261
257544,112
293225,16
179330,13
255580,581
-1,2500
-1,0
33646,595
170172,1698
41602,697
111765,397
68396,1163
78669,63
125646,313
108090,52
60380,714
-1,0
-1,1
282723,11
-1,0
158702,522
187388,71
-1,0
108034,51
793,1662
120324,158
-1,0
35229,193
32589,838
207731,249
169818,182
286409,25
-1,0
94327,200
80452,589
230748,121
280798,53
72560,116
37511,377
66597,553
530206,147
163026,52
61665,272
84618,228
163733,2
-1,0
-1,0
-1,0
95090,18
-1,3
200433,64
9368,645
474862,12
-1,0
100217,45
-1,0
-1,0
84017,261
73191,52
143252,224
265404,13
-1,1
169403,138
-1,1
-1,0
-1,0
319437,21
283099,11
-1,1
-1,0
84594,15
-1,1
61954,194
243287,8
513369,76
349415,435
-1,0
-1,0
79305,1525
