53212,2361,365545770
216951,99,15620719
188039,99,15035842
215356,99,21317965
189840,99,33326174
254851,99,24171190
230364,96,9836158
117400,99,23886281
154280,99,13771654
67662,99,14976794
112357,99,13277034
89572,99,13365188
152954,99,13300529
98001,99,13689527
179695,93,7702449
40396,99,15843516
189312,95,8813877
123628,99,13034751
198187,99,13034433
183129,99,13603214
105692,99,17069411
97008,99,13045815
150359,97,11534106
56003,99,13252110
55788,99,13037033
-1,0
-1,0
-1,0
-1,0
-1,0
-1,0
-1,0
91265,730
50818,170
65788,153
71918,266
258251,112
294262,16
179921,13
255717,581
-1,2500
-1,0
33852,595
171498,1698
41865,698
93463,478
68601,1163
79699,63
126900,313
108666,52
60507,714
-1,0
-1,1
283311,11
-1,0
159393,522
187938,71
-1,0
108393,51
795,1662
120714,158
-1,0
35425,193
32647,838
208349,249
170214,182
287179,25
-1,0
95302,200
80655,589
231313,121
282238,53
72920,116
37616,377
66767,553
531667,147
163500,52
61947,272
85949,228
164104,2
-1,0
-1,0
-1,0
95487,18
-1,3
202753,64
9394,645
477233,12
-1,0
100516,45
-1,0
-1,0
84435,261
73416,52
144093,224
268881,13
-1,1
171528,138
-1,1
-1,0
-1,0
320530,21
284868,11
-1,1
-1,0
84801,15
-1,1
62108,194
244175,8
515057,76
350022,435
-1,0
-1,0
78357,1543
