184823,2077,154059346
488635,92,6547144
660628,85,3291879
340179,99,13547899
389786,99,15842207
529061,96,10362788
286757,85,3296281
232838,99,14070704
459830,91,5956172
159777,99,13034449
362610,90,5379335
182531,93,7570386
449540,90,5350677
282143,88,4404449
183886,88,4694727
372043,82,2575084
227830,88,4469426
185430,85,3466585
204925,91,5961804
375668,90,5432882
259307,96,9771865
168743,86,3621568
294959,82,2626962
318400,83,2784073
-1,-1
-1,-1
-1,-1
-1,-1
-1,-1
-1,-1
86049,513
19064,169
37152,141
95452,146
412751,36
249150,11
133948,10
159448,570
-1,-1
-1,-1
58808,259
189810,29
-1,-1
-1,-1
47346,698
-1,-1
182242,11
-1,-1
-1,-1
148817,63
-1,-1
91525,42
376,1659
143446,58
-1,-1
21443,190
25299,837
150908,248
131274,181
-1,-1
-1,-1
96489,372
188932,97
198503,42
66514,96
29005,369
52063,553
392607,147
-1,-1
66500,157
129194,1
-1,-1
-1,-1
-1,-1
64026,18
-1,-1
119461,58
6299,643
331702,12
-1,-1
43603,261
58381,48
109695,91
-1,-1
-1,-1
-1,-1
-1,-1
-1,-1
-1,-1
-1,-1
-1,-1
72012,13
-1,-1
46196,194
144307,8
422235,51
530050,160
-1,-1
105855,978
