161444,2117,186555084
498898,92,7123598
656506,86,3683876
316902,99,14000830
398472,99,16622708
560469,96,10513783
306463,85,3345368
218406,99,14906287
370410,99,13034457
156203,99,13042879
302546,92,7082150
132274,99,13034755
483946,90,5350677
309577,88,4424329
202750,88,4699921
103225,99,13038846
247470,88,4565386
181015,86,3904259
216141,91,6055461
375304,91,5911370
243301,99,13058369
178964,86,3655274
312458,83,2716428
351660,83,2784073
-1,-1
-1,-1
-1,-1
-1,-1
-1,-1
-1,-1
94498,513
22904,169
41897,141
101805,146
435933,36
266715,11
146245,10
183622,574
-1,-1
-1,-1
71372,259
-1,-1
204500,29
-1,-1
-1,-1
49984,701
-1,-1
204511,11
-1,-1
-1,-1
159885,63
-1,-1
98191,42
423,1659
156891,58
-1,-1
23742,190
26641,837
160685,248
138702,181
-1,-1
-1,-1
105234,372
204919,97
217544,42
54310,111
31042,369
54686,553
417130,147
-1,-1
71843,157
-1,-1
138924,1
-1,-1
-1,-1
-1,-1
69030,18
-1,-1
130757,58
6959,643
-1,-1
350173,12
-1,-1
-1,-1
50754,261
63955,48
128208,91
-1,-1
-1,-1
-1,-1
-1,-1
-1,-1
-1,-1
-1,-1
-1,-1
77027,13
-1,-1
50242,194
166399,8
450614,51
567071,160
-1,-1
111735,978
