153564,2112,181753485
474645,92,7123598
626928,86,3683876
300590,99,14000547
376290,99,16622614
532871,96,10513783
285674,85,3344518
200210,99,14901302
353970,99,13034457
145826,99,13040654
332313,91,5927413
124062,99,13034685
458848,90,5350677
288815,88,4412084
188285,88,4699921
122700,95,9464407
231380,88,4565386
163408,86,3904257
201310,91,6052848
357772,91,5911370
228287,99,13054965
172128,86,3621568
287728,83,2704482
326922,83,2784073
-1,-1
-1,-1
-1,-1
-1,-1
-1,-1
-1,-1
88356,513
20171,169
38346,141
97221,146
418470,36
253879,11
137001,10
166300,570
-1,-1
-1,-1
61497,259
194067,29
-1,-1
-1,-1
47681,701
-1,-1
188089,11
-1,-1
-1,-1
151683,63
-1,-1
93227,42
389,1659
146836,58
-1,-1
22006,190
25707,837
153457,248
133194,181
-1,-1
-1,-1
99070,372
193698,97
203573,42
50542,111
29635,369
52886,553
399428,147
-1,-1
67972,157
131639,1
-1,-1
-1,-1
-1,-1
65612,18
-1,-1
122873,58
6528,643
-1,-1
336994,12
-1,-1
45547,261
59914,48
114251,91
-1,-1
-1,-1
-1,-1
-1,-1
-1,-1
-1,-1
-1,-1
-1,-1
73380,13
-1,-1
47424,194
150235,8
430500,51
539980,160
-1,-1
107530,978
