622217,1871,122191081
422614,99,13041158
362109,99,13048688
565233,99,13152370
520727,99,15829748
764648,94,8589121
1503802,63,396918
-1,1,-1
963573,80,1988373
580923,84,3005315
692526,82,2430724
613494,82,2510100
1203331,75,1269654
432555,86,3683688
1491543,62,350073
168331,98,12313422
1641045,50,108141
364667,82,2552208
191569,97,10733571
1483085,63,380302
1257134,67,553946
70228,99,13081614
520605,80,2011994
1207697,60,281114
-1,-1
-1,-1
-1,-1
-1,-1
-1,-1
-1,-1
1253877,12
534144,9
1153588,3
-1,-1
-1,-1
-1,-1
-1,-1
-1,-1
-1,-1
-1,-1
138249,241
-1,-1
-1,-1
-1,-1
-1,-1
-1,-1
-1,-1
-1,-1
-1,-1
-1,-1
-1,-1
-1,-1
-1,-1
-1,-1
-1,-1
-1,-1
-1,-1
-1,-1
-1,-1
-1,-1
-1,-1
-1,-1
-1,-1
-1,-1
-1,-1
-1,-1
-1,-1
-1,-1
-1,-1
-1,-1
-1,-1
-1,-1
-1,-1
-1,-1
-1,-1
-1,-1
-1,-1
-1,-1
-1,-1
-1,-1
-1,-1
-1,-1
-1,-1
-1,-1
-1,-1
-1,-1
-1,-1
-1,-1
-1,-1
-1,-1
-1,-1
-1,-1
-1,-1
-1,-1
-1,-1
-1,-1
-1,-1
-1,-1
-1,-1
-1,-1
-1,-1
-1,-1
-1,-1
-1,-1
-1,-1
-1,-1
1613709,10
-1,-1
-1,-1
-1,-1
