833019,1668,76128132
333489,99,13037442
280785,99,13048240
437480,99,13146070
486700,99,13393545
1547022,75,1260665
1879347,49,97150
-1,65,471817
797356,80,1987824
855985,75,1221061
1224081,66,543151
504419,82,2510100
966852,75,1269391
1032258,70,748771
1938645,47,77684
125423,95,9367039
1477150,45,67606
1079103,69,698695
1657745,50,110372
1259834,63,379672
1008304,66,543784
323449,77,1490892
1033921,63,381139
977059,60,276022
-1,-1
-1,-1
-1,-1
-1,-1
-1,-1
-1,-1
-1,-1
1526737,1
-1,-1
-1,-1
-1,-1
-1,-1
-1,-1
-1,-1
-1,-1
-1,-1
85843,221
-1,-1
-1,-1
-1,-1
-1,-1
-1,-1
-1,-1
-1,-1
-1,-1
-1,-1
-1,-1
-1,-1
-1,-1
-1,-1
-1,-1
-1,-1
-1,-1
-1,-1
-1,-1
-1,-1
-1,-1
-1,-1
-1,-1
-1,-1
-1,-1
-1,-1
-1,-1
-1,-1
-1,-1
-1,-1
-1,-1
-1,-1
-1,-1
-1,-1
-1,-1
-1,-1
-1,-1
-1,-1
-1,-1
-1,-1
-1,-1
-1,-1
-1,-1
-1,-1
-1,-1
-1,-1
-1,-1
-1,-1
-1,-1
-1,-1
-1,-1
-1,-1
-1,-1
-1,-1
-1,-1
-1,-1
-1,-1
1278152,10
-1,-1
-1,-1
