785844,1734,93024847
360533,99,13039294
306517,99,13048240
475196,99,13146070
527545,99,13394160
1632576,75,1260665
-1,1,-1
1789923,71,864136
851062,80,1987824
920992,75,1221061
1298031,66,543375
540062,82,2510100
1040606,75,1269391
376977,85,3488103
1297011,62,349461
128002,98,12174304
1525730,47,81761
785457,73,1000110
1776791,50,110460
1331171,63,379672
1088416,66,543784
87333,98,11858565
1118332,63,381139
1056330,60,276022
-1,-1
-1,-1
-1,-1
-1,-1
-1,-1
-1,-1
-1,-1
1619310,1
-1,-1
-1,-1
-1,-1
-1,-1
-1,-1
-1,-1
-1,-1
-1,-1
103010,224
-1,-1
-1,-1
-1,-1
-1,-1
-1,-1
-1,-1
-1,-1
-1,-1
-1,-1
-1,-1
-1,-1
-1,-1
-1,-1
-1,-1
-1,-1
-1,-1
-1,-1
-1,-1
-1,-1
-1,-1
-1,-1
-1,-1
-1,-1
-1,-1
-1,-1
-1,-1
-1,-1
-1,-1
-1,-1
-1,-1
-1,-1
-1,-1
-1,-1
-1,-1
-1,-1
-1,-1
-1,-1
-1,-1
-1,-1
-1,-1
-1,-1
-1,-1
-1,-1
-1,-1
-1,-1
-1,-1
-1,-1
-1,-1
-1,-1
-1,-1
-1,-1
-1,-1
-1,-1
-1,-1
-1,-1
-1,-1
-1,-1
-1,-1
-1,-1
-1,-1
1392617,10
-1,-1
-1,-1
