787197,1734,93024847
361417,99,13039294
307326,99,13048240
476572,99,13146070
528628,99,13394160
1633832,75,1260665
-1,1,-1
1792218,71,864136
852388,80,1987824
922143,75,1221061
1299758,66,543375
540923,82,2510100
1042077,75,1269391
377798,85,3488103
1298992,62,349461
128310,98,12174304
1528108,47,81761
787032,73,1000110
1779063,50,110460
1332871,63,379672
1090105,66,543784
87517,98,11858565
1119798,63,381139
1058081,60,276022
-1,-1
-1,-1
-1,-1
-1,-1
-1,-1
-1,-1
-1,-1
1621579,1
-1,-1
-1,-1
-1,-1
-1,-1
-1,-1
-1,-1
-1,-1
-1,-1
103518,224
-1,-1
-1,-1
-1,-1
-1,-1
-1,-1
-1,-1
-1,-1
-1,-1
-1,-1
-1,-1
-1,-1
-1,-1
-1,-1
-1,-1
-1,-1
-1,-1
-1,-1
-1,-1
-1,-1
-1,-1
-1,-1
-1,-1
-1,-1
-1,-1
-1,-1
-1,-1
-1,-1
-1,-1
-1,-1
-1,-1
-1,-1
-1,-1
-1,-1
-1,-1
-1,-1
-1,-1
-1,-1
-1,-1
-1,-1
-1,-1
-1,-1
-1,-1
-1,-1
-1,-1
-1,-1
-1,-1
-1,-1
-1,-1
-1,-1
-1,-1
-1,-1
-1,-1
-1,-1
-1,-1
-1,-1
-1,-1
-1,-1
-1,-1
-1,-1
-1,-1
1395097,10
-1,-1
-1,-1
