799483,1734,93154040
367806,99,13039294
312807,99,13048240
485763,99,13146070
536879,99,13394160
1648524,75,1260665
-1,1,-1
1808975,71,864136
863905,80,1987824
934513,75,1221061
1313843,66,543375
548036,82,2510100
1055133,75,1269391
383780,85,3499978
1316225,62,349461
132398,98,12179829
1547203,47,81761
803228,73,1000110
1799531,50,110460
1347127,63,379672
1105602,66,543784
89051,98,11970273
1134881,63,381139
1072676,60,276022
-1,-1
-1,-1
-1,-1
-1,-1
-1,-1
-1,-1
-1,-1
1637976,1
-1,-1
-1,-1
-1,-1
-1,-1
-1,-1
-1,-1
-1,-1
-1,-1
97072,236
-1,-1
-1,-1
-1,-1
-1,-1
-1,-1
-1,-1
-1,-1
-1,-1
-1,-1
-1,-1
-1,-1
-1,-1
-1,-1
-1,-1
-1,-1
-1,-1
-1,-1
-1,-1
-1,-1
-1,-1
-1,-1
-1,-1
-1,-1
-1,-1
-1,-1
-1,-1
-1,-1
-1,-1
-1,-1
-1,-1
-1,-1
-1,-1
-1,-1
-1,-1
-1,-1
-1,-1
-1,-1
-1,-1
-1,-1
-1,-1
-1,-1
-1,-1
-1,-1
-1,-1
-1,-1
-1,-1
-1,-1
-1,-1
-1,-1
-1,-1
-1,-1
-1,-1
-1,-1
-1,-1
-1,-1
-1,-1
-1,-1
-1,-1
-1,-1
-1,-1
-1,-1
-1,-1
1414485,10
-1,-1
-1,-1
