858792,1631,56738902
324305,99,13034938
536564,89,4992508
419591,99,13146070
566611,97,10712999
1508296,75,1260665
1823702,49,97150
1979941,65,455670
769488,80,1987824
822317,75,1221061
1189360,66,541957
487059,82,2510100
928652,75,1269391
1087276,69,670194
1881678,47,77639
824882,72,936910
1448871,45,64006
1040296,69,698650
1605905,50,110204
1227612,63,379672
970360,66,543784
324305,76,1370349
996238,63,381139
938779,60,276022
-1,-1
-1,-1
-1,-1
-1,-1
-1,-1
-1,-1
-1,-1
1485376,1
-1,-1
-1,-1
-1,-1
-1,-1
-1,-1
-1,-1
-1,-1
-1,-1
89808,204
-1,-1
-1,-1
-1,-1
-1,-1
-1,-1
-1,-1
-1,-1
-1,-1
-1,-1
-1,-1
-1,-1
-1,-1
-1,-1
-1,-1
-1,-1
-1,-1
-1,-1
-1,-1
-1,-1
-1,-1
-1,-1
-1,-1
-1,-1
-1,-1
-1,-1
-1,-1
-1,-1
-1,-1
-1,-1
-1,-1
-1,-1
-1,-1
-1,-1
-1,-1
-1,-1
-1,-1
-1,-1
-1,-1
-1,-1
-1,-1
-1,-1
-1,-1
-1,-1
-1,-1
-1,-1
-1,-1
-1,-1
-1,-1
-1,-1
-1,-1
-1,-1
-1,-1
-1,-1
-1,-1
-1,-1
1211045,10
-1,-1
-1,-1
