746481,1790,105893985
395974,99,13040214
338609,99,13048240
527340,99,13146070
578049,99,13394466
1729019,75,1260665
-1,1,-1
1900080,71,872747
917003,80,1987824
998072,75,1222441
1379896,66,543375
582456,82,2510100
1129623,75,1269391
402421,86,3680712
1399343,62,349528
152811,98,12312707
1603152,49,94746
500014,78,1696677
176297,97,10702362
1414666,63,380302
1180134,66,543784
59615,99,13081614
1211910,63,381203
1140217,60,277582
-1,-1
-1,-1
-1,-1
-1,-1
-1,-1
-1,-1
-1,-1
1721166,1
-1,-1
-1,-1
-1,-1
-1,-1
-1,-1
-1,-1
-1,-1
-1,-1
114102,241
-1,-1
-1,-1
-1,-1
-1,-1
-1,-1
-1,-1
-1,-1
-1,-1
-1,-1
-1,-1
-1,-1
-1,-1
-1,-1
-1,-1
-1,-1
-1,-1
-1,-1
-1,-1
-1,-1
-1,-1
-1,-1
-1,-1
-1,-1
-1,-1
-1,-1
-1,-1
-1,-1
-1,-1
-1,-1
-1,-1
-1,-1
-1,-1
-1,-1
-1,-1
-1,-1
-1,-1
-1,-1
-1,-1
-1,-1
-1,-1
-1,-1
-1,-1
-1,-1
-1,-1
-1,-1
-1,-1
-1,-1
-1,-1
-1,-1
-1,-1
-1,-1
-1,-1
-1,-1
-1,-1
-1,-1
-1,-1
-1,-1
-1,-1
-1,-1
-1,-1
-1,-1
-1,-1
-1,-1
-1,-1
1514823,10
-1,-1
-1,-1
