849781,1648,68022454
327009,99,13037050
274771,99,13048240
429314,99,13146070
476959,99,13393415
1531104,75,1260665
1857595,49,97150
-1,65,456813
784376,80,1987824
840142,75,1221061
1208186,66,542063
496293,82,2510100
949281,75,1269391
1103647,69,687494
1911970,47,77684
630198,76,1341096
1464664,45,65806
1060907,69,698651
1634576,50,110372
1244645,63,379672
990747,66,543784
316131,77,1490892
1015856,63,381139
958541,60,276022
-1,-1
-1,-1
-1,-1
-1,-1
-1,-1
-1,-1
-1,-1
1505630,1
-1,-1
-1,-1
-1,-1
-1,-1
-1,-1
-1,-1
-1,-1
-1,-1
81550,221
-1,-1
-1,-1
-1,-1
-1,-1
-1,-1
-1,-1
-1,-1
-1,-1
-1,-1
-1,-1
-1,-1
-1,-1
-1,-1
-1,-1
-1,-1
-1,-1
-1,-1
-1,-1
-1,-1
-1,-1
-1,-1
-1,-1
-1,-1
-1,-1
-1,-1
-1,-1
-1,-1
-1,-1
-1,-1
-1,-1
-1,-1
-1,-1
-1,-1
-1,-1
-1,-1
-1,-1
-1,-1
-1,-1
-1,-1
-1,-1
-1,-1
-1,-1
-1,-1
-1,-1
-1,-1
-1,-1
-1,-1
-1,-1
-1,-1
-1,-1
-1,-1
-1,-1
-1,-1
-1,-1
-1,-1
-1,-1
1248107,10
-1,-1
-1,-1
