714503,1816,109023667
407814,99,13040930
349991,99,13048688
545692,99,13146934
596186,99,13395140
1766610,75,1260665
-1,1,-1
1950425,71,875466
940100,80,1987904
566246,84,2977518
1148705,71,816207
597630,82,2510100
1161817,75,1269594
417547,86,3681266
1438061,62,349551
160619,98,12312772
1641508,49,98911
412979,80,2145926
181912,97,10721073
1445794,63,380302
1214057,66,546569
63064,99,13081614
765005,73,996894
1166271,60,281114
-1,-1
-1,-1
-1,-1
-1,-1
-1,-1
-1,-1
1219014,12
509119,9
1130782,3
-1,-1
-1,-1
-1,-1
-1,-1
-1,-1
-1,-1
-1,-1
125377,241
-1,-1
-1,-1
-1,-1
-1,-1
-1,-1
-1,-1
-1,-1
-1,-1
-1,-1
-1,-1
-1,-1
-1,-1
-1,-1
-1,-1
-1,-1
-1,-1
-1,-1
-1,-1
-1,-1
-1,-1
-1,-1
-1,-1
-1,-1
-1,-1
-1,-1
-1,-1
-1,-1
-1,-1
-1,-1
-1,-1
-1,-1
-1,-1
-1,-1
-1,-1
-1,-1
-1,-1
-1,-1
-1,-1
-1,-1
-1,-1
-1,-1
-1,-1
-1,-1
-1,-1
-1,-1
-1,-1
-1,-1
-1,-1
-1,-1
-1,-1
-1,-1
-1,-1
-1,-1
-1,-1
-1,-1
-1,-1
-1,-1
-1,-1
-1,-1
-1,-1
-1,-1
-1,-1
-1,-1
-1,-1
1555205,10
-1,-1
-1,-1
-1,-1
