756193,1772,97966462
381339,99,13040034
325343,99,13048240
505990,99,13146070
557374,99,13394406
1690388,75,1260665
-1,49,97235
1858775,71,864279
891755,80,1987824
968231,75,1222291
1348043,66,543375
565760,82,2510100
1096972,75,1269391
386761,86,3679527
1358973,62,349528
142910,98,12312707
1570714,48,90366
834483,73,1004442
339569,85,3482127
1383079,63,379672
1144161,66,543784
56781,99,13081614
1174247,63,381203
1106239,60,277582
-1,-1
-1,-1
-1,-1
-1,-1
-1,-1
-1,-1
-1,-1
1682872,1
-1,-1
-1,-1
-1,-1
-1,-1
-1,-1
-1,-1
-1,-1
-1,-1
103959,241
-1,-1
-1,-1
-1,-1
-1,-1
-1,-1
-1,-1
-1,-1
-1,-1
-1,-1
-1,-1
-1,-1
-1,-1
-1,-1
-1,-1
-1,-1
-1,-1
-1,-1
-1,-1
-1,-1
-1,-1
-1,-1
-1,-1
-1,-1
-1,-1
-1,-1
-1,-1
-1,-1
-1,-1
-1,-1
-1,-1
-1,-1
-1,-1
-1,-1
-1,-1
-1,-1
-1,-1
-1,-1
-1,-1
-1,-1
-1,-1
-1,-1
-1,-1
-1,-1
-1,-1
-1,-1
-1,-1
-1,-1
-1,-1
-1,-1
-1,-1
-1,-1
-1,-1
-1,-1
-1,-1
-1,-1
-1,-1
-1,-1
-1,-1
-1,-1
-1,-1
-1,-1
-1,-1
1469343,10
-1,-1
-1,-1
