842955,1653,68903421
327610,99,13037050
275342,99,13048240
429871,99,13146070
477660,99,13393415
1532464,75,1260665
1859787,49,97150
-1,-1,-1
785253,80,1987824
841278,75,1221061
1209249,66,542197
496863,82,2510100
950404,75,1269391
1103012,69,694641
1914087,47,77684
430355,81,2213080
1464013,45,66256
1062038,69,698677
1636537,50,110372
1245595,63,379672
991860,66,543784
316542,77,1490892
1016995,63,381139
959602,60,276022
-1,-1
-1,-1
-1,-1
-1,-1
-1,-1
-1,-1
-1,-1
1507126,1
-1,-1
-1,-1
-1,-1
-1,-1
-1,-1
-1,-1
-1,-1
-1,-1
81729,221
-1,-1
-1,-1
-1,-1
-1,-1
-1,-1
-1,-1
-1,-1
-1,-1
-1,-1
-1,-1
-1,-1
-1,-1
-1,-1
-1,-1
-1,-1
-1,-1
-1,-1
-1,-1
-1,-1
-1,-1
-1,-1
-1,-1
-1,-1
-1,-1
-1,-1
-1,-1
-1,-1
-1,-1
-1,-1
-1,-1
-1,-1
-1,-1
-1,-1
-1,-1
-1,-1
-1,-1
-1,-1
-1,-1
-1,-1
-1,-1
-1,-1
-1,-1
-1,-1
-1,-1
-1,-1
-1,-1
-1,-1
-1,-1
-1,-1
-1,-1
-1,-1
-1,-1
-1,-1
-1,-1
-1,-1
-1,-1
1250316,10
-1,-1
-1,-1
