584028,1938,138841337
429750,99,13080371
357647,99,13129438
546892,99,13374585
528954,99,16933495
741382,96,10221007
1297076,70,766153
1452232,82,2596659
993629,80,2037546
568500,85,3520574
723211,82,2526275
652937,82,2525015
1281292,75,1272459
469271,86,3714443
1126600,71,843301
20446,99,19899635
1252103,64,419510
282551,86,3640651
204992,97,10840070
1560946,63,394433
1197040,71,834214
75121,99,13081614
522186,80,2183770
879071,73,1006119
-1,1,0
-1,0
-1,0
-1,0
-1,0
-1,0
-1,0
-1,0
1307459,13
588420,9
1206975,3
1728242,1
-1,0
-1,0
-1,0
-1,469
-1,2500
-1,0
158113,241
-1,0
-1,110
-1,0
-1,0
-1,0
-1,0
-1,0
-1,0
-1,0
-1,0
-1,0
-1,0
-1,1
-1,0
-1,0
-1,0
-1,0
-1,0
-1,0
-1,0
-1,0
-1,0
-1,0
-1,0
-1,0
-1,0
-1,0
-1,0
-1,0
-1,0
-1,0
-1,0
-1,0
-1,0
-1,0
-1,0
-1,0
-1,0
-1,0
-1,0
-1,0
-1,0
-1,0
-1,0
-1,0
-1,0
-1,0
-1,0
-1,0
-1,0
-1,0
-1,0
-1,0
-1,0
-1,0
-1,0
-1,0
-1,0
-1,0
-1,0
-1,0
-1,0
-1,0
-1,0
-1,0
-1,0
1714506,10
-1,0
-1,0
-1,0
