1218397,1373,43086341
472098,91,6285291
611735,85,3382776
400906,99,13146094
602592,95,9352803
768433,90,5368759
787925,71,832347
1182509,79,1859257
-1,1,-1
1645357,62,350670
-1,1,-1
1969251,55,167224
1730892,55,167550
1726494,55,169530
-1,1,-1
1200187,65,468831
1499746,41,43713
1189024,64,408749
1163264,55,166901
1118483,65,485206
1990939,13,2094
1360906,35,23750
1096411,59,251568
1772027,28,11667
-1,-1
-1,-1
-1,-1
-1,-1
-1,-1
1086783,8
944786,2
791152,4
-1,-1
1049224,1
568842,1
-1,-1
-1,-1
-1,-1
-1,-1
-1,-1
-1,-1
-1,-1
-1,-1
-1,-1
-1,-1
-1,-1
-1,-1
-1,-1
-1,-1
-1,-1
-1,-1
-1,-1
-1,-1
-1,-1
-1,-1
-1,-1
-1,-1
-1,-1
-1,-1
-1,-1
157654,170
-1,-1
-1,-1
-1,-1
-1,-1
-1,-1
-1,-1
-1,-1
-1,-1
-1,-1
-1,-1
-1,-1
-1,-1
-1,-1
-1,-1
-1,-1
-1,-1
-1,-1
-1,-1
-1,-1
-1,-1
-1,-1
-1,-1
-1,-1
-1,-1
-1,-1
-1,-1
-1,-1
-1,-1
-1,-1
-1,-1
-1,-1
-1,-1
-1,-1
-1,-1
-1,-1
-1,-1
-1,-1
