1366629,1376,43996705
541264,91,6285291
694059,85,3382776
463544,99,13146094
682420,95,9446178
859028,90,5407967
915226,71,832347
1146994,82,2637038
-1,1,-1
1845922,62,350670
-1,1,-1
-1,1,-1
1948609,55,167550
1925243,55,169530
-1,1,-1
1391388,65,468831
1683780,41,43713
1356254,64,408749
1338757,55,166901
1232445,65,485206
-1,1,-1
1549327,35,23750
1241067,59,251568
1996468,28,11667
-1,-1
-1,-1
-1,-1
-1,-1
-1,-1
-1,-1
1220882,8
1074888,2
860851,4
-1,-1
1129959,1
625877,1
-1,-1
-1,-1
-1,-1
-1,-1
-1,-1
-1,-1
-1,-1
-1,-1
-1,-1
-1,-1
-1,-1
-1,-1
-1,-1
-1,-1
-1,-1
-1,-1
-1,-1
-1,-1
-1,-1
-1,-1
-1,-1
-1,-1
-1,-1
-1,-1
-1,-1
-1,-1
185264,170
-1,-1
-1,-1
-1,-1
-1,-1
-1,-1
-1,-1
-1,-1
-1,-1
-1,-1
-1,-1
-1,-1
-1,-1
-1,-1
-1,-1
-1,-1
-1,-1
-1,-1
-1,-1
-1,-1
-1,-1
-1,-1
-1,-1
-1,-1
-1,-1
-1,-1
-1,-1
-1,-1
-1,-1
-1,-1
-1,-1
-1,-1
-1,-1
-1,-1
-1,-1
-1,-1
-1,-1
-1,-1
-1,-1
-1,-1
-1,-1
