1251663,1485,49919361
567272,92,6525332
606988,90,5349525
498773,99,13150995
686195,96,10237923
891813,90,5521601
694906,77,1481319
1083671,85,3362142
1617991,70,738666
1912443,62,361957
-1,1,-1
-1,1,-1
1816847,60,281846
1632987,61,310435
1816544,51,119320
1286472,69,691260
1771386,41,43968
1374617,65,471202
1371796,55,180417
1276392,66,508736
1971638,23,6594
1540851,38,32250
1313357,59,251568
1364149,50,108087
-1,-1
-1,-1
-1,-1
-1,-1
-1,-1
-1,-1
1289341,8
1143859,2
898118,4
-1,-1
1174990,1
656494,1
-1,-1
-1,-1
-1,-1
-1,-1
-1,-1
-1,-1
-1,-1
-1,-1
-1,-1
-1,-1
-1,-1
-1,-1
-1,-1
-1,-1
-1,-1
-1,-1
-1,-1
-1,-1
-1,-1
-1,-1
-1,-1
-1,-1
-1,-1
-1,-1
-1,-1
-1,-1
-1,-1
-1,-1
185950,185
-1,-1
-1,-1
-1,-1
-1,-1
-1,-1
-1,-1
-1,-1
-1,-1
-1,-1
-1,-1
-1,-1
-1,-1
-1,-1
-1,-1
-1,-1
-1,-1
-1,-1
-1,-1
-1,-1
-1,-1
-1,-1
-1,-1
-1,-1
-1,-1
-1,-1
-1,-1
-1,-1
-1,-1
-1,-1
-1,-1
-1,-1
-1,-1
-1,-1
-1,-1
-1,-1
-1,-1
-1,-1
-1,-1
1488075,8
-1,-1
-1,-1
