904947,1747,86322977
399136,99,13087713
454799,95,9556082
531955,99,13274830
532906,99,15706629
691212,96,10315580
692232,78,1633155
868473,92,6953878
1372272,71,850363
418678,88,4661099
-1,52,123672
-1,57,214848
1939179,61,310181
1275469,70,752297
1108550,71,818257
1356145,70,764670
1095805,67,570024
959299,73,995356
865788,73,1032344
1115365,72,964006
1284538,66,542420
1304973,52,125452
1316348,63,384593
582498,83,2685528
-1,-1
-1,-1
-1,-1
-1,-1
-1,-1
-1,-1
1428502,8
1294041,2
977395,4
-1,-1
1272800,1
722343,1
-1,-1
-1,-1
-1,-1
-1,-1
905568,11
-1,-1
-1,-1
-1,-1
-1,-1
-1,-1
-1,-1
-1,-1
764285,42
-1,-1
-1,-1
-1,-1
-1,-1
-1,-1
-1,-1
-1,-1
-1,-1
-1,-1
-1,-1
-1,-1
-1,-1
-1,-1
-1,-1
-1,-1
-1,-1
-1,-1
198262,189
-1,-1
-1,-1
-1,-1
-1,-1
-1,-1
-1,-1
-1,-1
-1,-1
-1,-1
-1,-1
-1,-1
-1,-1
-1,-1
-1,-1
-1,-1
-1,-1
-1,-1
-1,-1
-1,-1
-1,-1
-1,-1
-1,-1
-1,-1
-1,-1
-1,-1
-1,-1
-1,-1
-1,-1
-1,-1
-1,-1
-1,-1
-1,-1
-1,-1
-1,-1
-1,-1
-1,-1
-1,-1
-1,-1
347882,190
1674936,8
72239,72
-1,-1
-1,-1
