1375761,1376,43996705
546028,91,6285291
699217,85,3382776
468108,99,13146094
687739,95,9446178
864520,90,5407967
922837,71,832347
1155820,82,2637038
-1,1,-1
1859465,62,350670
-1,1,-1
-1,1,-1
1959852,55,167550
1936229,55,169530
-1,1,-1
1402014,65,468831
1694294,41,43713
1366788,64,408749
1348616,55,166901
1239602,65,485206
-1,1,-1
1560516,35,23750
1249889,59,251568
-1,1,-1
-1,-1
-1,-1
-1,-1
-1,-1
-1,-1
-1,-1
1229638,8
1083821,2
865399,4
-1,-1
1135719,1
629844,1
-1,-1
-1,-1
-1,-1
-1,-1
-1,-1
-1,-1
-1,-1
-1,-1
-1,-1
-1,-1
-1,-1
-1,-1
-1,-1
-1,-1
-1,-1
-1,-1
-1,-1
-1,-1
-1,-1
-1,-1
-1,-1
-1,-1
-1,-1
-1,-1
-1,-1
-1,-1
186368,170
-1,-1
-1,-1
-1,-1
-1,-1
-1,-1
-1,-1
-1,-1
-1,-1
-1,-1
-1,-1
-1,-1
-1,-1
-1,-1
-1,-1
-1,-1
-1,-1
-1,-1
-1,-1
-1,-1
-1,-1
-1,-1
-1,-1
-1,-1
-1,-1
-1,-1
-1,-1
-1,-1
-1,-1
-1,-1
-1,-1
-1,-1
-1,-1
-1,-1
-1,-1
-1,-1
-1,-1
-1,-1
-1,-1
-1,-1
-1,-1
