48131,2277,394703559
177117,99,15925666
14062,99,30695097
235833,99,17253950
111392,99,38731146
179176,99,26856659
53529,99,13347699
75115,99,24803654
78700,99,15238207
49792,99,15212380
67439,99,13467127
42006,99,14783346
50489,99,15016501
104381,99,13387249
55942,99,13211787
81475,99,13453640
32876,99,13700044
21299,99,14155655
48188,99,15367266
123263,99,14389779
111217,99,15627231
93944,99,13034852
54034,99,13768360
28870,99,13276264
-1,-1
-1,-1
-1,-1
-1,-1
-1,-1
-1,-1
9767,2313
4426,625
8725,592
27095,455
19161,459
22374,135
60519,47
300463,523
-1,-1
133247,534
183466,186
-1,-1
15339,743
207277,50
126002,500
-1,-1
-1,-1
-1,-1
89158,548
16621,74
221985,18
-1,-1
200407,239
50247,446
-1,-1
210390,13
317799,8
-1,-1
-1,-1
145666,51
202870,118
74656,527
127244,233
69586,27
-1,-1
-1,-1
7024,3528
300122,20
134946,74
71018,242
604712,16
4743,7292
-1,-1
74332,190
-1,-1
53589,5
-1,-1
-1,-1
-1,-1
108526,14
-1,-1
246895,29
246236,6
356453,10
15844,77
-1,-1
-1,-1
292893,79
183826,17
62637,409
-1,-1
-1,-1
-1,-1
-1,-1
91936,7
-1,-1
64491,1029
-1,-1
-1,-1
-1,-1
-1,-1
-1,-1
-1,-1
-1,-1
207164,398
403695,293
190551,39
204199,501
