35924,2277,373978731
179966,99,14571368
12106,99,29090943
205609,99,15895697
96573,99,34648552
177005,99,22402623
38881,99,13317249
59745,99,22580192
60873,99,15229387
103949,99,13159457
53867,99,13455226
60010,99,13375365
46007,99,14663874
78138,99,13372747
42544,99,13198816
53796,99,13449894
34155,99,13296891
30504,99,13396746
36958,99,15055608
84468,99,14324503
83928,99,15527489
71708,99,13034663
35405,99,13749916
32228,99,13181525
-1,-1
-1,-1
-1,-1
-1,-1
-1,-1
-1,-1
6858,2190
2365,625
7528,518
24336,432
12696,455
19752,114
44194,46
208051,523
-1,-1
106438,534
109171,186
166647,50
100297,500
-1,-1
74285,548
11356,74
162750,18
-1,-1
160710,239
144572,68
-1,-1
164593,13
243761,8
-1,-1
-1,-1
118031,51
171357,118
63170,527
108425,233
67013,25
-1,-1
-1,-1
4944,3528
234704,20
103045,74
57881,242
519837,16
3728,7097
-1,-1
55313,190
46032,4
-1,-1
-1,-1
-1,-1
87434,14
-1,-1
189242,29
189666,5
10556,77
-1,-1
210693,79
135893,17
40391,409
-1,-1
-1,-1
65271,7
-1,-1
51391,1029
-1,-1
-1,-1
-1,-1
-1,-1
-1,-1
-1,-1
-1,-1
173990,398
327054,293
144196,39
195718,397
