47001,2277,394703559
174965,99,15925666
13795,99,30695097
231258,99,17253950
109009,99,38731146
176394,99,26856659
52696,99,13347699
73519,99,24803654
77536,99,15238207
48927,99,15212380
66936,99,13467127
41476,99,14783346
49814,99,15016501
102702,99,13387249
55303,99,13211787
80064,99,13453640
32162,99,13700044
21008,99,14155655
47577,99,15367266
120754,99,14389779
109508,99,15627231
92316,99,13034852
53208,99,13768360
28308,99,13276264
-1,-1
-1,-1
-1,-1
-1,-1
-1,-1
-1,-1
9453,2313
4266,625
8463,592
26651,455
18649,459
21835,135
59514,47
297904,523
-1,-1
130678,534
178308,186
-1,-1
13788,743
204793,50
124608,500
-1,-1
-1,-1
-1,-1
88294,548
16351,74
219348,18
-1,-1
197770,239
50207,446
-1,-1
207791,13
314172,8
-1,-1
-1,-1
143967,51
201017,118
73934,527
126130,233
69138,27
-1,-1
-1,-1
6905,3528
296407,20
132858,74
70239,242
600631,16
4671,7292
-1,-1
72864,190
-1,-1
52739,5
-1,-1
-1,-1
-1,-1
107237,14
-1,-1
242752,29
243645,6
344806,10
15484,77
-1,-1
-1,-1
287948,79
181580,17
61388,409
-1,-1
-1,-1
-1,-1
-1,-1
89703,7
-1,-1
63784,1029
-1,-1
-1,-1
-1,-1
-1,-1
-1,-1
-1,-1
-1,-1
204746,398
399597,293
187971,39
202097,501
