44101,2277,390763087
169786,99,15855142
13377,99,30423566
218362,99,17180657
104813,99,38158552
177067,99,25838017
49886,99,13347497
69307,99,24526069
73327,99,15238207
45884,99,15189234
63861,99,13466536
69650,99,13375365
47393,99,15010316
96631,99,13386745
52696,99,13209390
73136,99,13453593
29444,99,13692957
21843,99,13990985
45111,99,15359767
112857,99,14380099
103810,99,15609468
87034,99,13034852
49804,99,13765609
26824,99,13270464
-1,-1
-1,-1
-1,-1
-1,-1
-1,-1
-1,-1
8756,2291
3746,625
7784,587
27213,440
17136,457
20078,135
56015,47
280815,523
-1,-1
127028,534
160021,186
-1,-1
195832,50
119946,500
-1,-1
-1,-1
-1,-1
85436,548
15162,74
208391,18
-1,-1
189675,239
50546,429
-1,-1
199535,13
300891,8
-1,-1
-1,-1
138307,51
195330,118
71590,527
122596,233
75667,25
-1,-1
-1,-1
6450,3528
284331,20
126103,74
67708,242
584797,16
4420,7292
-1,-1
68373,190
-1,-1
50283,5
-1,-1
-1,-1
-1,-1
102185,14
-1,-1
229308,29
236233,5
-1,-1
14373,77
-1,-1
-1,-1
271215,79
173007,17
57182,409
-1,-1
-1,-1
-1,-1
83274,7
-1,-1
61326,1029
-1,-1
-1,-1
-1,-1
-1,-1
-1,-1
-1,-1
-1,-1
196481,398
383786,293
178983,39
195407,500
