84237,2218,362530826
83581,99,20601591
26173,99,24420338
126752,99,22496562
65122,99,46441166
60738,99,48401076
303455,86,3618729
65147,99,24458288
413156,96,9787146
211601,96,9969643
328317,92,6647515
180436,95,9059817
96037,99,13510923
72299,99,13654924
188674,90,5352767
141703,96,10483692
125752,96,10290885
96992,95,9289852
194624,92,7139145
137437,99,13355646
116123,99,14876664
16485,99,15314430
114099,96,10187752
41538,99,13172275
-1,-1
-1,-1
-1,-1
-1,-1
-1,-1
-1,-1
179042,318
-1,-1
911507,3
115019,134
147797,150
221898,16
124702,15
-1,-1
-1,-1
-1,-1
253025,106
-1,-1
45895,577
146534,302
-1,-1
-1,-1
12357,1236
244015,5
173195,28
-1,-1
46684,1225
19141,862
37871,38
97636,46
183994,25
22895,697
-1,-1
262935,25
126282,218
47333,690
137145,195
101829,25
77461,66
77097,528
191897,118
230478,43
168547,58
245360,12
516600,25
404837,258
31276,477
83510,144
-1,-1
168645,1
-1,-1
-1,-1
-1,-1
279892,5
-1,-1
243265,25
140740,25
-1,-1
296264,17
-1,-1
-1,-1
651872,10
-1,-1
52252,418
-1,-1
-1,-1
53754,54
-1,-1
174007,218
95519,54
49084,100
28048,1
148808,7
-1,-1
25114,458
-1,-1
306463,180
220485,522
109078,95
104352,1059
