23789,2376,493789795
66424,99,24631927
20233,99,29484400
83801,99,39091797
56655,99,61952781
56146,99,62540205
203859,99,13034858
72151,99,29147852
108694,99,14653446
154440,99,13264316
260609,99,13036405
175707,99,13035310
119079,99,13551906
80529,99,13955470
78055,99,13181087
141226,99,13121483
115213,99,13099538
107421,99,13042647
178515,99,13049417
117614,99,15789838
142619,99,15325481
18510,99,15911670
123905,99,13047039
14453,99,13716115
19359,99,13124807
-1,0
-1,0
-1,0
-1,0
-1,0
-1,0
-1,0
233889,321
-1,0
1074958,3
145137,134
185491,150
282454,16
146768,18
-1,0
-1,2020
-1,0
300314,161
25815,41359
-1,371
42063,822
183043,302
63039,75
116444,346
-1,0
15160,1236
-1,0
315569,5
222767,28
-1,0
60668,1225
12010,1192
46362,55
116334,46
228524,25
29063,698
-1,2
336381,25
148802,218
56001,690
160072,195
151984,25
10230,337
114955,118
90341,529
231525,118
306515,43
222068,58
309209,12
592743,25
484726,258
39706,478
112471,145
-1,1
147793,2
-1,0
-1,0
-1,0
346528,5
86644,178
323379,25
170272,25
-1,0
-1,0
347600,18
12397,23
-1,0
126362,197
-1,1
73551,423
-1,0
-1,1
-1,0
-1,1
72603,54
-1,0
210985,218
115783,58
73120,102
39475,1
181224,7
16710,1681
29166,458
-1,1
373946,180
270666,522
71966,147
142631,95
123256,1059
