22992,2376,489312359
67475,99,24425827
21036,99,29036074
84696,99,38565971
58420,99,60675215
58147,99,61122757
202433,99,13034858
74714,99,28567097
108240,99,14653446
153903,99,13262136
259627,99,13036405
175135,99,13035310
118651,99,13551638
80022,99,13955470
77778,99,13181087
140406,99,13121483
118606,99,13084623
106983,99,13042592
178720,99,13047184
116755,99,15789838
141624,99,15324767
18464,99,15911670
123350,99,13047039
14312,99,13715065
18083,99,13124807
-1,0
-1,0
-1,0
-1,0
-1,0
-1,0
-1,0
232413,321
-1,0
1070673,3
144364,134
184597,150
280930,16
146013,18
-1,0
-1,2020
-1,0
298092,161
50516,35744
-1,369
41602,822
182002,302
104917,45
114745,346
-1,0
15103,1236
314178,5
221785,28
-1,0
60303,1225
11961,1191
46268,54
115826,46
227294,25
28912,698
-1,2
334448,25
148263,218
55815,690
159520,195
150501,25
14713,210
113321,118
89998,529
230575,118
304171,43
220698,58
307580,12
590633,25
482704,258
39479,478
111787,145
-1,1
147003,2
-1,0
-1,0
-1,0
344951,5
85831,178
320288,25
169483,25
-1,0
-1,0
346191,18
21088,7
-1,0
125647,197
-1,1
72975,423
-1,0
-1,1
-1,0
-1,1
72091,54
-1,0
209980,218
115203,58
72292,102
39223,1
180496,7
16499,1681
29061,458
-1,1
372160,180
270203,522
70268,147
141862,95
122790,1059
