99653,2219,381834387
78249,99,22101651
24601,99,26180180
126080,99,25915264
68744,99,50436820
64071,99,51873102
336770,86,3675204
74576,99,25665904
442873,96,10407826
244041,96,10076114
349394,92,6814545
201091,95,9162907
107772,99,13522740
83225,99,13678945
209919,90,5376384
172071,96,10515268
146986,96,10491563
115836,95,9458269
217884,93,7300961
110308,99,15121228
130354,99,14985805
18027,99,15476309
133277,96,10368515
36883,99,13228883
-1,-1
-1,-1
-1,-1
-1,-1
-1,-1
-1,-1
200094,321
-1,-1
974416,3
125962,134
164165,150
248215,16
129035,18
-1,-1
-1,-1
-1,-1
294143,122
-1,-1
-1,-1
31857,822
162655,302
-1,-1
74575,346
-1,-1
13677,1236
271992,5
197389,28
-1,-1
52540,1225
17209,960
40744,50
106073,46
203576,25
26229,697
-1,-1
294614,25
136719,218
51203,690
147681,195
107082,25
81378,116
83975,528
212232,118
257154,43
191626,58
272684,12
549745,25
441902,258
35555,477
97410,144
-1,-1
131994,2
-1,-1
-1,-1
-1,-1
309467,5
82302,142
278570,25
153942,25
-1,-1
316696,18
-1,-1
-1,-1
665784,18
-1,-1
62298,418
-1,-1
-1,-1
-1,-1
-1,-1
63585,54
-1,-1
190745,218
104912,57
59983,100
33909,1
164094,7
73561,130
27454,458
-1,-1
338171,180
243890,522
-1,-1
124725,95
113514,1059
