30995,2376,496918533
67624,99,24848423
21699,99,29507001
89051,99,39790236
60399,99,62658367
58512,99,63662772
213105,99,13034858
79077,99,29273667
114128,99,14653593
162690,99,13268148
267593,99,13036645
181892,99,13035310
123484,99,13552436
85206,99,13955648
81804,99,13181113
150426,99,13121483
72154,99,13326254
112149,99,13043849
184654,99,13051424
125042,99,15790058
151950,99,15326417
19505,99,15911670
129993,99,13047039
16096,99,13717315
32173,99,13124807
-1,0
-1,0
-1,0
-1,0
-1,0
-1,0
-1,0
245965,321
-1,0
1108539,3
151594,134
193015,150
294688,16
153164,18
-1,0
-1,2020
-1,0
322965,161
28923,41359
-1,371
46303,822
192080,302
72293,75
131130,346
-1,0
15699,1236
-1,0
326272,5
227865,28
-1,0
63819,1225
12394,1192
48972,57
120707,46
238441,25
30248,698
-1,2
352448,25
153361,218
57481,690
164665,195
163997,25
10714,442
130226,118
93082,529
246045,118
325261,43
234495,58
322318,12
608546,25
502138,258
41398,478
118110,145
-1,1
154433,2
-1,0
-1,0
-1,0
-1,0
358932,5
93985,178
360208,25
177028,25
-1,0
-1,0
359592,18
13786,23
-1,0
134358,197
-1,1
78497,423
-1,0
-1,1
-1,0
-1,1
77295,54
-1,0
218888,218
121041,58
80820,102
41725,1
187242,7
18660,1681
30116,458
-1,1
388376,180
276410,522
76501,189
150018,95
126822,1059
