65701,2214,347409534
77976,99,19656441
27513,99,22526498
103024,99,21727156
53846,99,43577619
50207,99,45579403
247681,86,3618684
49748,99,23245911
360993,95,9646026
166397,96,9807860
281579,92,6622315
151646,95,9059817
82372,99,13486328
57647,99,13638094
151137,90,5349932
112184,94,8553278
102351,95,9229622
76976,95,8776450
156963,92,7008773
106171,99,13355646
94960,99,14699151
14042,99,15314430
88166,96,9819555
47244,99,13110545
-1,-1
-1,-1
-1,-1
-1,-1
-1,-1
-1,-1
148261,318
-1,-1
816507,3
99219,134
126314,150
186695,16
101298,15
-1,-1
-1,-1
-1,-1
171396,106
39453,577
121107,302
-1,-1
10596,1236
201134,5
130307,28
-1,-1
38447,1225
20825,750
-1,-1
84361,46
151089,25
18107,697
-1,-1
211593,25
110986,218
42135,690
121142,195
93255,25
-1,-1
63288,528
189189,85
188336,43
136512,58
201013,12
458912,25
350840,258
25055,477
69046,144
153836,1
-1,-1
-1,-1
-1,-1
240548,5
-1,-1
199847,25
116993,25
255685,17
-1,-1
483532,10
-1,-1
34191,418
-1,-1
-1,-1
42829,54
-1,-1
148409,218
71869,54
38048,68
20804,1
124848,7
-1,-1
19505,458
-1,-1
269676,180
187353,522
87503,95
94072,1058
