70087,2194,324224674
75453,99,19401238
38092,99,20134862
97567,99,21100495
54595,99,40993721
48869,99,43173453
245411,85,3296900
52093,99,21742213
339754,95,9645956
157422,95,9201231
270083,91,6494617
141091,95,9053567
78256,99,13458482
60347,99,13478663
140157,89,5342992
149796,90,5510585
96256,94,8755970
72924,94,8077659
147034,92,6823810
98902,99,13353602
88440,99,14605240
12773,99,15314430
81695,95,9672455
93231,90,5592533
-1,-1
-1,-1
-1,-1
-1,-1
-1,-1
138948,316
-1,-1
788218,3
93392,134
119529,150
174557,16
101359,13
-1,-1
-1,-1
-1,-1
140078,106
37172,577
113078,302
-1,-1
9744,1235
186073,5
119521,28
-1,-1
36152,1225
35380,489
-1,-1
81249,44
137105,25
16902,697
-1,-1
190053,25
105527,218
40465,690
115429,195
89338,25
57487,528
176702,85
174545,43
125083,58
178741,12
429887,25
332606,258
23491,477
65089,144
-1,-1
-1,-1
-1,-1
-1,-1
226541,5
-1,-1
180522,25
135074,7
242297,17
-1,-1
400674,10
-1,-1
27270,418
40189,54
-1,-1
139444,218
60453,54
30523,61
18995,1
117124,7
17675,458
-1,-1
256115,180
175356,522
81868,95
89861,1058
