76136,2218,361682754
78591,99,20583313
24775,99,24329563
114276,99,22480841
57776,99,46336400
54710,99,48305726
282955,86,3618729
56666,99,24401814
394035,96,9787146
195278,96,9958408
311272,92,6647515
169974,95,9059817
90837,99,13509342
66196,99,13654924
175233,90,5352362
126660,96,10252321
115746,96,10271691
89242,95,9119486
181179,92,7122879
120585,99,13355646
106227,99,14873724
15846,99,15314430
103742,96,10187752
40951,99,13158925
-1,-1
-1,-1
-1,-1
-1,-1
-1,-1
-1,-1
166497,318
-1,-1
874558,3
109003,134
138196,150
207192,16
114590,15
-1,-1
-1,-1
-1,-1
223707,106
-1,-1
43020,577
136135,302
-1,-1
11959,1236
228308,5
154905,28
-1,-1
43169,1225
18690,850
33096,38
92682,46
170888,25
20949,697
-1,-1
242163,25
119275,218
44959,690
129890,195
98864,25
63977,66
72715,528
180282,118
213093,43
156625,58
228572,12
496668,25
382487,258
28455,477
76422,144
-1,-1
161221,1
-1,-1
-1,-1
-1,-1
265293,5
-1,-1
227460,25
130846,25
-1,-1
278664,17
-1,-1
-1,-1
592920,10
-1,-1
45991,418
-1,-1
-1,-1
49701,54
-1,-1
163744,218
87824,54
42519,100
25144,1
138731,7
-1,-1
23284,458
-1,-1
294976,180
209094,522
97091,95
101046,1059
