926084,1736,40982544
1821414,70,808166
1505860,73,1038810
1527995,81,2359594
1625024,81,2196282
1615636,78,1793538
912533,74,1204717
1722103,76,1446114
993037,79,1858865
558429,85,3273750
588798,85,3435212
842532,77,1611651
754347,85,3383701
1519664,65,469499
678693,76,1393597
429095,86,3600151
1070912,68,654656
1262833,70,757081
1323936,60,299173
1197295,70,809387
1224856,69,695677
731523,66,527034
196518,91,6482807
854587,71,883082
-1,-1
-1,-1
-1,-1
-1,-1
-1,-1
-1,-1
790022,44
700008,6
1175146,3
695495,12
625438,23
-1,-1
-1,-1
-1,-1
-1,-1
-1,-1
437503,76
-1,-1
-1,-1
-1,-1
-1,-1
-1,-1
-1,-1
-1,-1
614614,72
-1,-1
-1,-1
-1,-1
-1,-1
-1,-1
-1,-1
-1,-1
-1,-1
-1,-1
-1,-1
492027,10
-1,-1
-1,-1
-1,-1
-1,-1
-1,-1
-1,-1
-1,-1
-1,-1
-1,-1
-1,-1
-1,-1
-1,-1
-1,-1
-1,-1
-1,-1
163030,74
-1,-1
-1,-1
-1,-1
-1,-1
390067,5
-1,-1
-1,-1
-1,-1
491767,6
-1,-1
-1,-1
-1,-1
-1,-1
-1,-1
-1,-1
-1,-1
-1,-1
-1,-1
-1,-1
-1,-1
-1,-1
-1,-1
-1,-1
-1,-1
-1,-1
-1,-1
-1,-1
-1,-1
-1,-1
-1,-1
1160520,59
-1,-1
-1,-1
-1,-1
