1076289,1476,15621568
1703882,67,549058
1625123,64,413372
1485875,75,1250806
1722696,72,927858
1847260,67,597523
1747768,50,102924
-1,1,-1
1787995,60,284670
830827,74,1144783
968208,70,781451
842010,73,1048777
1320095,66,498083
1853224,53,145802
1538839,51,123454
682624,74,1106010
1139623,55,171481
1181415,64,442081
1026162,58,234464
1230459,62,350450
1003364,63,374207
763777,57,224250
165465,88,4449430
1016012,54,152662
-1,-1
-1,-1
-1,-1
-1,-1
-1,-1
-1,-1
847810,18
481609,6
1543252,1
799620,5
722473,6
-1,-1
-1,-1
-1,-1
-1,-1
-1,-1
308166,39
-1,-1
-1,-1
-1,-1
-1,-1
-1,-1
-1,-1
-1,-1
-1,-1
-1,-1
-1,-1
-1,-1
-1,-1
-1,-1
-1,-1
-1,-1
-1,-1
-1,-1
-1,-1
-1,-1
-1,-1
-1,-1
-1,-1
-1,-1
-1,-1
-1,-1
-1,-1
-1,-1
-1,-1
-1,-1
-1,-1
-1,-1
-1,-1
-1,-1
-1,-1
-1,-1
-1,-1
-1,-1
-1,-1
-1,-1
-1,-1
-1,-1
-1,-1
-1,-1
-1,-1
-1,-1
-1,-1
-1,-1
-1,-1
-1,-1
-1,-1
-1,-1
-1,-1
-1,-1
-1,-1
-1,-1
1047605,26
-1,-1
-1,-1
