1103352,1637,29030666
1968176,70,744094
1585003,71,844584
1786245,77,1526951
1819221,77,1593096
1680007,77,1575121
1121734,70,809068
1951531,73,1022306
1976151,66,512345
570136,84,3140832
616458,84,3174322
899184,76,1430082
1403850,72,951551
1579529,63,406093
1857332,54,151614
495189,84,3134024
1187274,63,373719
1305009,70,740643
1311733,60,299118
1302688,68,653991
1289773,65,489291
786248,65,459956
253926,88,4718505
1214974,60,279360
-1,-1
-1,-1
-1,-1
-1,-1
-1,-1
-1,-1
890896,32
688237,6
1752517,1
719375,11
731293,14
-1,-1
-1,-1
-1,-1
-1,-1
-1,-1
453712,69
-1,-1
-1,-1
-1,-1
-1,-1
-1,-1
-1,-1
-1,-1
667539,58
-1,-1
-1,-1
-1,-1
-1,-1
-1,-1
-1,-1
-1,-1
-1,-1
-1,-1
-1,-1
484645,10
-1,-1
-1,-1
-1,-1
-1,-1
-1,-1
-1,-1
-1,-1
-1,-1
-1,-1
-1,-1
-1,-1
-1,-1
-1,-1
-1,-1
-1,-1
-1,-1
-1,-1
-1,-1
-1,-1
-1,-1
386956,5
-1,-1
-1,-1
-1,-1
-1,-1
-1,-1
-1,-1
-1,-1
-1,-1
-1,-1
-1,-1
-1,-1
-1,-1
-1,-1
-1,-1
-1,-1
-1,-1
-1,-1
-1,-1
-1,-1
-1,-1
-1,-1
-1,-1
-1,-1
-1,-1
-1,-1
1207049,52
-1,-1
-1,-1
-1,-1
