1058255,1628,27226026
1847496,70,743746
1481136,71,844064
1676741,77,1503197
1702679,77,1577208
1600340,77,1551956
1052831,70,807593
1835317,73,1020000
1866304,66,512345
590848,82,2639509
727289,80,2084861
868897,76,1406902
1319893,72,951551
1499123,63,398413
1776812,53,143987
460956,84,3080137
1117472,63,370884
1266894,70,737697
1212433,60,299118
1252620,68,642508
1211092,65,489291
728590,65,459956
234906,88,4714905
1176051,58,246198
-1,-1
-1,-1
-1,-1
-1,-1
-1,-1
-1,-1
868799,30
638252,6
1697964,1
713744,10
714224,13
-1,-1
-1,-1
-1,-1
-1,-1
-1,-1
400497,69
-1,-1
-1,-1
-1,-1
-1,-1
-1,-1
-1,-1
-1,-1
635011,58
-1,-1
-1,-1
-1,-1
-1,-1
-1,-1
-1,-1
-1,-1
-1,-1
-1,-1
-1,-1
453229,10
-1,-1
-1,-1
-1,-1
-1,-1
-1,-1
-1,-1
-1,-1
-1,-1
-1,-1
-1,-1
-1,-1
-1,-1
-1,-1
-1,-1
-1,-1
-1,-1
-1,-1
-1,-1
-1,-1
370854,5
-1,-1
-1,-1
-1,-1
-1,-1
-1,-1
-1,-1
-1,-1
-1,-1
-1,-1
-1,-1
-1,-1
-1,-1
-1,-1
-1,-1
-1,-1
-1,-1
-1,-1
-1,-1
-1,-1
-1,-1
-1,-1
-1,-1
-1,-1
-1,-1
-1,-1
1147533,52
-1,-1
-1,-1
-1,-1
