766162,1834,47870039
1650321,75,1213565
1567305,73,1060555
1447893,84,3193417
1528775,83,2886324
1413454,82,2670628
925783,75,1234186
1765403,77,1507995
1019785,79,1862708
588102,85,3278243
606162,85,3448639
862521,78,1632020
779301,85,3385519
1471590,67,599706
665507,77,1561957
309286,91,6205079
1100125,69,714444
1312257,70,757311
1386230,60,299623
1084304,74,1112954
1268801,69,710738
762225,66,527149
204221,91,6495743
891236,71,892391
162428,68,619145
-1,0
-1,0
-1,0
-1,0
-1,0
-1,0
-1,0
760252,51
726185,6
1194701,3
686494,13
581683,29
-1,0
-1,0
-1,0
-1,2500
-1,0
465266,76
-1,0
-1,164
-1,0
-1,0
-1,0
-1,0
-1,0
630704,72
-1,2
-1,0
-1,0
-1,0
-1,0
-1,0
-1,0
-1,0
-1,0
-1,0
508886,10
-1,0
-1,0
-1,0
-1,0
-1,0
-1,0
-1,0
567026,9
-1,0
-1,0
-1,0
-1,0
-1,0
-1,0
-1,0
187215,74
-1,0
-1,0
-1,0
-1,0
397990,5
-1,0
-1,0
-1,0
526760,6
-1,0
-1,0
-1,0
-1,0
-1,1
-1,0
-1,0
-1,0
-1,0
-1,0
-1,0
-1,0
-1,0
-1,0
-1,0
-1,0
-1,0
-1,0
-1,0
-1,0
-1,0
-1,0
1190323,59
-1,0
-1,0
-1,0
