1127960,1477,15770772
1772812,67,549058
1692884,64,413372
1541157,75,1264320
1793728,72,927858
1916926,67,597523
1833175,50,102924
-1,59,247972
1867571,60,284670
882108,74,1144783
1010686,70,781451
829759,74,1183917
1392756,66,498083
1935681,53,145802
1610232,51,123454
743417,74,1106010
1198962,55,172031
1242731,64,442081
1087306,58,234464
1276076,62,350450
1058098,63,374207
817435,57,224250
179788,88,4449430
1071507,54,152662
-1,-1
-1,-1
-1,-1
-1,-1
-1,-1
-1,-1
887633,18
513357,6
1571395,1
825662,5
747707,6
-1,-1
-1,-1
-1,-1
-1,-1
-1,-1
358067,39
-1,-1
-1,-1
-1,-1
-1,-1
-1,-1
-1,-1
-1,-1
-1,-1
-1,-1
-1,-1
-1,-1
-1,-1
-1,-1
-1,-1
-1,-1
-1,-1
-1,-1
-1,-1
-1,-1
-1,-1
-1,-1
-1,-1
-1,-1
-1,-1
-1,-1
-1,-1
-1,-1
-1,-1
-1,-1
-1,-1
-1,-1
-1,-1
-1,-1
-1,-1
-1,-1
-1,-1
-1,-1
-1,-1
-1,-1
-1,-1
-1,-1
-1,-1
-1,-1
-1,-1
-1,-1
-1,-1
-1,-1
-1,-1
-1,-1
-1,-1
-1,-1
-1,-1
-1,-1
-1,-1
-1,-1
-1,-1
1125602,26
-1,-1
-1,-1
