1052027,1568,22237471
1863525,67,559258
1683805,67,583080
1574971,76,1396321
1758093,74,1149928
1851996,70,802585
1157268,70,740989
1925699,69,669648
1847681,63,378515
631080,80,2028632
819626,76,1397680
798167,76,1399901
1475777,66,504083
1455297,62,345728
1703246,52,124666
388350,84,3030655
1135668,59,251113
1198103,68,605367
1079302,60,298945
1300489,63,400415
1109930,65,450280
871076,58,237460
198839,88,4713860
1129812,55,168362
-1,-1
-1,-1
-1,-1
-1,-1
-1,-1
-1,-1
875896,23
562370,6
1621924,1
698643,9
772770,7
-1,-1
-1,-1
-1,-1
-1,-1
-1,-1
422380,39
-1,-1
-1,-1
-1,-1
-1,-1
672999,39
-1,-1
-1,-1
-1,-1
-1,-1
-1,-1
-1,-1
-1,-1
-1,-1
-1,-1
-1,-1
395794,10
-1,-1
-1,-1
-1,-1
-1,-1
-1,-1
-1,-1
-1,-1
-1,-1
-1,-1
-1,-1
-1,-1
-1,-1
-1,-1
-1,-1
-1,-1
-1,-1
-1,-1
-1,-1
-1,-1
-1,-1
-1,-1
-1,-1
-1,-1
-1,-1
-1,-1
-1,-1
-1,-1
-1,-1
-1,-1
-1,-1
-1,-1
-1,-1
-1,-1
-1,-1
-1,-1
-1,-1
-1,-1
-1,-1
-1,-1
-1,-1
-1,-1
-1,-1
-1,-1
1215364,26
-1,-1
-1,-1
