1021949,1628,27226026
1799822,70,743746
1439657,71,844064
1628693,77,1503197
1653451,77,1577208
1557973,77,1551956
1015292,70,807593
1780605,73,1020000
1813393,66,512345
566717,82,2639509
707565,80,2084861
843316,76,1406902
1274854,72,951551
1454217,63,398413
1722685,53,143987
435206,84,3080137
1076191,63,370884
1223645,70,737697
1164821,60,299118
1219215,68,642508
1168762,65,489291
696611,65,459956
221998,88,4714905
1135889,58,246198
-1,-1
-1,-1
-1,-1
-1,-1
-1,-1
-1,-1
842601,30
613057,6
1671870,1
696390,10
694121,13
-1,-1
-1,-1
-1,-1
-1,-1
-1,-1
369251,69
-1,-1
-1,-1
-1,-1
-1,-1
-1,-1
-1,-1
-1,-1
615248,58
-1,-1
-1,-1
-1,-1
-1,-1
-1,-1
-1,-1
-1,-1
-1,-1
-1,-1
-1,-1
433479,10
-1,-1
-1,-1
-1,-1
-1,-1
-1,-1
-1,-1
-1,-1
-1,-1
-1,-1
-1,-1
-1,-1
-1,-1
-1,-1
-1,-1
-1,-1
-1,-1
-1,-1
-1,-1
-1,-1
360330,5
-1,-1
-1,-1
-1,-1
-1,-1
-1,-1
-1,-1
-1,-1
-1,-1
-1,-1
-1,-1
-1,-1
-1,-1
-1,-1
-1,-1
-1,-1
-1,-1
-1,-1
-1,-1
-1,-1
-1,-1
-1,-1
-1,-1
-1,-1
-1,-1
1110961,52
-1,-1
-1,-1
