125208,2192,392566024
96511,99,20510178
75219,99,18885867
112608,99,28336151
56322,99,56224526
55214,99,56550117
195437,96,10569064
24128,99,40665615
227630,99,13160823
384268,89,4960415
303375,95,8918113
197534,96,9688131
405790,95,9306860
228066,96,10616225
190181,90,5860816
184442,96,9728001
60658,99,13291452
212878,87,4236804
193078,95,9266721
18633,99,28272906
81201,99,17712662
155520,90,5584850
188929,91,6336046
217405,86,3883681
-1,-1
-1,-1
-1,-1
-1,-1
-1,-1
-1,-1
34318,1195
16466,345
89484,89
33302,414
88072,235
73533,62
59648,50
-1,-1
-1,-1
15776,8721
259316,150
-1,-1
19302,739
56113,581
30387,1825
-1,-1
97601,233
-1,-1
68268,645
7038,136
135006,78
134601,54
40953,1448
79045,277
-1,-1
68768,81
11524,400
160854,81
162627,25
11968,360
104544,300
112470,392
100462,311
6020,103
171358,6
38108,946
29210,1400
118747,160
164956,66
56666,260
88534,409
19576,4834
39076,444
48260,292
187780,37
52162,5
166587,22
-1,-1
-1,-1
95640,16
26459,425
43815,360
42415,142
174735,61
24490,69
-1,-1
94260,45
68026,261
2692,272
65527,407
136078,19
-1,-1
-1,-1
-1,-1
88679,11
-1,-1
23347,2044
25432,154
102915,34
-1,-1
-1,-1
-1,-1
111344,68
163136,20
362234,158
813989,113
-1,-1
23871,491
151128,797
