102608,2158,344984906
79462,99,19614211
62494,99,17922154
81588,99,24873898
39023,99,50668578
41101,99,51177115
157503,93,7944117
14608,99,35829344
342887,98,12496480
280329,88,4646959
274698,92,6974715
160465,94,8575572
307094,95,9265525
177834,94,8341088
139821,90,5508482
253499,85,3591277
47824,99,13154325
144321,87,4096986
199301,91,5929833
14462,99,24409997
55694,99,17556579
150585,86,3785767
152642,89,5082361
164777,85,3539543
-1,-1
-1,-1
-1,-1
-1,-1
-1,-1
-1,-1
23190,1132
7845,345
75984,68
26089,412
84983,199
52906,59
40217,49
-1,-1
-1,-1
9679,8721
179815,105
42173,553
22555,1825
-1,-1
55172,635
4120,136
83675,78
-1,-1
31718,1393
64965,273
-1,-1
55285,78
8021,400
120025,81
136611,25
7728,360
85384,300
90443,392
82862,311
3561,103
68251,6
29190,946
20014,1400
91554,149
117039,66
50513,256
74159,409
14784,4724
43028,284
32490,292
32765,5
109624,22
-1,-1
-1,-1
71030,16
10310,408
32928,250
32004,142
81926,40
43393,45
40340,261
1890,272
37313,407
-1,-1
-1,-1
58515,11
-1,-1
16593,2044
21164,140
56083,32
-1,-1
-1,-1
-1,-1
87935,68
102485,20
288305,158
645759,113
15204,474
123631,797
