103948,2164,357811117
78613,99,19947524
60186,99,18289083
82832,99,25400475
37960,99,52637808
39668,99,53582152
151740,96,10286363
14092,99,37631012
354070,98,12496483
296159,88,4646959
284402,92,6977065
166449,94,8589885
318924,95,9266436
185029,94,8557868
140059,90,5764853
251153,86,3884406
50373,99,13154345
151275,87,4100109
210214,91,5929833
12570,99,25986578
58890,99,17556589
135522,88,4500971
159803,89,5084777
173901,85,3539543
-1,-1
-1,-1
-1,-1
-1,-1
-1,-1
-1,-1
23523,1161
8729,345
79224,68
27005,412
69779,228
55227,59
41982,49
-1,-1
-1,-1
10856,8721
148756,150
43384,553
23368,1825
-1,-1
56979,635
4350,136
88610,78
-1,-1
30892,1448
66562,273
-1,-1
57043,78
8337,400
123891,81
139977,25
8000,360
87002,300
92278,392
84379,311
3705,103
81341,6
30610,946
21224,1400
95003,149
122654,66
51951,256
75980,409
14926,4779
37876,340
33430,292
34576,5
117673,22
-1,-1
-1,-1
73526,16
11537,408
28391,305
33075,142
16447,69
50710,45
43832,261
2013,272
41032,407
-1,-1
-1,-1
61297,11
-1,-1
17347,2044
22533,140
61432,32
-1,-1
-1,-1
-1,-1
91261,68
111096,20
296057,158
666097,113
15836,474
126260,797
