99291,2155,329160874
82702,99,19061948
67673,99,17352389
82921,99,23852972
41990,99,47637277
45086,99,47386572
154672,92,7120829
15812,99,33567552
335804,98,11808290
269340,88,4642709
266013,92,6953303
159352,94,8215066
296437,95,9264310
168545,94,8327269
148669,89,5322664
232655,85,3574027
88516,98,12962023
142736,87,3976675
192521,91,5924825
17952,99,22399844
52744,99,17556537
152359,86,3646287
145919,89,5081501
156445,85,3526005
-1,-1
-1,-1
-1,-1
-1,-1
-1,-1
21851,1128
7110,344
72605,68
25147,412
82395,199
50464,59
40530,46
-1,-1
-1,-1
9240,8343
179340,90
40916,553
21753,1825
-1,-1
56585,615
3838,136
78046,78
-1,-1
30577,1393
63396,273
-1,-1
53610,78
7740,400
115807,81
132642,25
9318,315
83448,300
88334,392
81099,311
3422,103
-1,-1
27607,946
19877,1345
88107,149
111566,66
48887,256
72382,409
14165,4724
84671,95
31486,292
31040,5
101219,22
-1,-1
-1,-1
68771,16
8474,400
31106,250
30803,142
78974,40
35474,45
36804,261
1720,272
32817,407
-1,-1
-1,-1
55700,11
-1,-1
15901,2044
22812,129
51152,26
-1,-1
-1,-1
-1,-1
84436,68
93341,20
332505,100
626629,113
14585,474
121025,797
