25401,2277,542662100
108862,99,19663475
59025,99,20450185
35143,99,59636965
48488,99,61198977
43049,99,65333331
13390,99,14343516
96140,99,23751418
39718,99,20008362
124725,99,13323617
75033,99,13446715
23121,99,17940725
33287,99,16983264
50747,99,14456440
36416,99,13533832
15842,99,20625998
54576,99,13361802
10022,99,16155153
25688,99,19913343
33160,99,23451113
104477,99,16259111
14348,99,16937630
10604,99,28666401
40499,99,13220727
-1,-1
-1,-1
-1,-1
-1,-1
-1,-1
-1,-1
10901,2310
17121,350
6043,801
10061,811
229424,114
168146,29
10252,205
130700,731
-1,-1
-1,-1
16550,791
-1,-1
10121,870
15877,1204
42870,1504
-1,-1
-1,-1
-1,-1
36866,869
294347,5
69081,250
172848,28
79241,941
225070,32
-1,-1
111679,44
196034,26
177168,66
35330,276
90057,80
46204,621
32975,929
37810,725
97351,25
-1,-1
43965,423
160974,256
122500,307
35967,510
142753,74
120742,134
375446,69
134106,2031
148574,53
147842,89
-1,-1
37807,7
91152,155
72754,26
-1,-1
2099,195
3918,1091
4914,2500
194651,17
23330,511
57963,53
-1,-1
125441,20
345380,71
58220,56
186894,63
-1,-1
6853,1271
-1,-1
30835,169
60825,69
-1,-1
14131,2653
58703,98
133841,15
-1,-1
7889,46
4684,2740
64101,171
14427,532
97483,874
1309497,36
-1,-1
253543,22
51687,2000
