110915,2278,542663390
121440,99,19663475
69218,99,20450185
45115,99,59636971
61300,99,61198977
54050,99,65333331
16953,99,14343516
122086,99,23751453
45175,99,20008362
150570,99,13324861
90641,99,13446715
26481,99,17940725
37964,99,16983264
59416,99,14456440
43991,99,13533832
19233,99,20625998
66384,99,13361802
11302,99,16155158
29137,99,19913343
41895,99,23451113
124036,99,16259111
15493,99,16937630
11495,99,28666401
65775,99,13220727
-1,1,0
-1,0
-1,0
-1,0
-1,0
-1,0
-1,0
-1,0
14558,2310
24889,350
8011,801
11861,811
255799,114
193164,29
12888,205
140700,731
-1,2500
-1,128
22022,791
-1,0
18414,870
20558,1204
48067,1504
-1,0
-1,0
-1,0
39791,869
-1,0
333871,5
77902,250
210168,28
91799,941
246677,32
-1,0
123524,44
220026,26
192639,66
36694,276
102220,80
49990,621
36029,929
40793,725
139809,25
-1,0
62639,423
173415,256
134833,307
46782,510
166379,74
135946,134
400803,69
145148,2031
163346,53
170790,89
-1,0
46310,7
101638,155
78473,26
-1,0
2587,195
4932,1091
7258,2500
221180,17
29743,511
-1,0
65210,53
-1,0
149788,20
434580,71
64998,56
230362,63
-1,0
9046,1271
-1,0
39466,169
70455,69
-1,0
16092,2653
64433,98
171322,15
-1,0
9035,46
6092,2740
68677,171
16626,532
107211,874
1433249,36
-1,0
295887,22
55127,2000
