27899,2277,542662100
113447,99,19663475
62386,99,20450185
38606,99,59636965
53163,99,61198977
47639,99,65333331
14487,99,14343516
104394,99,23751418
42026,99,20008362
133182,99,13323617
82330,99,13446715
24229,99,17940725
34924,99,16983264
54056,99,14456440
38681,99,13533832
17062,99,20625998
59257,99,13361802
10556,99,16155153
27161,99,19913343
36348,99,23451113
111481,99,16259111
14455,99,16937630
10548,99,28666401
44905,99,13220727
-1,-1
-1,-1
-1,-1
-1,-1
-1,-1
-1,-1
-1,-1
12311,2310
19965,350
6849,801
10891,811
240201,114
179035,29
11231,205
136160,731
-1,-1
-1,-1
19133,791
-1,-1
12150,870
17720,1204
44747,1504
-1,-1
-1,-1
-1,-1
37965,869
310812,5
72202,250
187550,28
84102,941
232682,32
-1,-1
115780,44
205191,26
182750,66
35745,276
94633,80
47690,621
34448,929
39026,725
118203,25
-1,-1
50741,423
165368,256
126651,307
39912,510
151458,74
126906,134
385024,69
138423,2031
154174,53
157222,89
-1,-1
41223,7
94555,155
74312,26
-1,-1
2287,195
4293,1091
5753,2500
204401,17
27228,511
-1,-1
60874,53
-1,-1
134076,20
380614,71
60983,56
204604,63
-1,-1
7603,1271
-1,-1
34045,169
64087,69
-1,-1
14866,2653
60728,98
146749,15
-1,-1
8271,46
5147,2740
65435,171
14998,532
100816,874
1363568,36
-1,-1
268667,22
52864,2000
