25937,2277,542662100
110105,99,19663475
59762,99,20450185
35817,99,59636965
49602,99,61198977
44448,99,65333331
13625,99,14343516
98481,99,23751418
40311,99,20008362
126324,99,13323617
77631,99,13446715
23594,99,17940725
33657,99,16983264
51419,99,14456440
37069,99,13533832
16654,99,20625998
55852,99,13361802
10305,99,16155153
27131,99,19913343
33782,99,23451113
105863,99,16259111
15791,99,16937630
10903,99,28666401
41590,99,13220727
-1,-1
-1,-1
-1,-1
-1,-1
-1,-1
-1,-1
11198,2310
17716,350
6211,801
10276,811
231745,114
170544,29
10427,205
134546,731
-1,-1
-1,-1
17415,791
-1,-1
10560,870
16222,1204
43222,1504
-1,-1
-1,-1
-1,-1
37414,869
298176,5
70469,250
175893,28
80246,941
226448,32
-1,-1
112543,44
198049,26
178498,66
35488,276
91113,80
46505,621
33247,929
38044,725
103296,25
-1,-1
45370,423
161938,256
123365,307
36645,510
144459,74
121992,134
377499,69
135058,2031
149789,53
149764,89
-1,-1
38470,7
91904,155
73066,26
-1,-1
2142,195
3978,1091
5057,2500
196661,17
25329,511
58586,53
-1,-1
127354,20
353849,71
58734,56
189885,63
-1,-1
7005,1271
-1,-1
31474,169
61488,69
-1,-1
14284,2653
59119,98
136552,15
-1,-1
7961,46
4762,2740
64547,171
14738,532
98382,874
1324456,36
-1,-1
256749,22
52128,2000
