17102,2277,541982981
90417,99,19663188
46284,99,20449648
20956,99,59625194
32420,99,61179505
30872,99,65306029
9439,99,14343516
64509,99,23729910
31569,99,20006727
96450,99,13323197
60588,99,13446715
19480,99,17939085
27030,99,16983264
43877,99,14328515
32169,99,13405907
11490,99,20528582
34968,99,13360607
7624,99,16035989
19405,99,19792493
19863,99,23451113
82717,99,16259039
11114,99,16937630
7378,99,28666401
30287,99,13220727
-1,-1
-1,-1
-1,-1
-1,-1
-1,-1
-1,-1
7372,2307
10663,350
4060,800
8380,810
195480,114
136847,29
7055,204
103714,731
-1,-1
-1,-1
10303,791
-1,-1
12123,1204
36347,1504
-1,-1
31364,869
247251,5
48678,250
120683,28
65071,941
200062,32
-1,-1
97759,44
165948,26
150958,66
31544,276
74765,80
41024,621
29116,929
33615,725
77238,25
25791,423
142820,256
103722,307
28533,510
116263,74
102262,134
344363,69
115947,2031
127030,53
116911,89
-1,-1
28312,7
76576,155
64110,26
-1,-1
1514,195
2496,1091
2267,2500
160340,17
12849,511
46098,53
-1,-1
89748,20
266063,71
49740,56
145155,62
3462,1270
19191,169
47954,69
-1,-1
11295,2653
48767,98
95758,15
-1,-1
6354,46
2118,2739
55973,171
11185,532
84519,874
1131016,36
200739,22
46740,2000
