19652,2277,454571134
90328,99,18310986
52272,99,18579402
36391,99,35791547
45887,99,45158321
43814,99,47225082
10078,99,13750343
65222,99,20536268
178445,99,13113775
87908,99,13190826
78179,99,13181955
19962,99,16753243
22899,99,16884086
37578,99,14211532
26506,99,13341417
12670,99,17151915
27726,99,13330032
7765,99,15061859
15944,99,19097582
24819,99,20217059
66187,99,16111358
9967,99,16527929
7358,99,23831954
23915,99,13212663
-1,-1
-1,-1
-1,-1
-1,-1
-1,-1
7897,1889
8880,275
4812,580
8058,752
186329,105
115597,29
8628,148
74985,731
-1,-1
-1,-1
5414,750
19584,886
29997,1504
-1,-1
51193,643
207683,5
103459,48
65682,20
68130,774
190779,19
-1,-1
-1,-1
138403,25
125566,66
55701,131
270272,10
59558,416
60158,529
54332,457
67886,25
118154,256
85152,304
22881,510
96509,72
96683,110
315327,69
106212,1915
107439,53
99465,89
25948,6
55677,155
63811,19
-1,-1
1126,195
1307,1000
1870,2265
-1,-1
63201,44
-1,-1
200622,71
53754,46
102989,50
42444,50
-1,-1
10615,2468
49928,73
61948,10
-1,-1
7715,39
126037,23
8266,441
172517,373
959858,33
157422,22
56465,1619
