22637,2277,542645798
102969,99,19663475
54170,99,20450185
29986,99,59632263
42652,99,61194994
39126,99,65326078
12084,99,14343516
82523,99,23751054
36858,99,20008362
114809,99,13323617
68798,99,13446715
21895,99,17940725
31179,99,16983264
47339,99,14456440
33356,99,13533832
14355,99,20625998
49046,99,13361802
9105,99,16155153
23170,99,19913343
29339,99,23451113
97745,99,16259111
12511,99,16937630
9071,99,28666401
37071,99,13220727
-1,-1
-1,-1
-1,-1
-1,-1
-1,-1
-1,-1
9593,2310
14731,350
5267,801
9443,811
218521,114
157606,29
9263,205
123269,731
-1,-1
-1,-1
14059,791
-1,-1
7517,860
14149,1204
41020,1504
-1,-1
-1,-1
-1,-1
34792,869
278535,5
63751,250
158738,28
74475,941
219647,32
-1,-1
107573,44
187275,26
169672,66
33725,276
85461,80
44761,621
31809,929
36592,725
83471,25
36215,423
156312,256
117222,307
33406,510
134150,74
114780,134
366195,69
129204,2031
142525,53
138363,89
-1,-1
34634,7
87872,155
70205,26
-1,-1
1900,195
3579,1091
4018,2500
184763,17
18540,511
54312,53
-1,-1
115741,20
316392,71
55961,56
174441,63
-1,-1
5656,1270
-1,-1
26805,169
57138,69
-1,-1
13344,2653
55480,98
118512,15
-1,-1
7393,46
3648,2739
61953,171
13617,532
92857,874
1252336,36
237877,22
49788,2000
