17997,2277,476970212
91014,99,18453242
51732,99,18809458
24471,99,45979018
38973,99,49688551
41981,99,49951246
7752,99,14162910
61926,99,21358086
181986,99,13119157
90238,99,13193164
80723,99,13181955
19272,99,17316950
23459,99,16885533
38308,99,14233443
27056,99,13360112
11216,99,18273734
28686,99,13335366
6797,99,15522793
16836,99,19603258
23082,99,20841169
68466,99,16124778
10531,99,16528129
7925,99,23833177
24483,99,13214983
-1,-1
-1,-1
-1,-1
-1,-1
-1,-1
-1,-1
6782,2079
7188,350
3784,678
8166,759
179289,111
118188,29
8644,152
79545,731
-1,-1
-1,-1
6456,750
14673,1036
30781,1504
-1,-1
42824,712
213098,5
105642,48
76965,20
55716,941
185385,25
-1,-1
153130,13
140979,26
128701,66
45199,171
226980,25
56899,439
48925,621
52513,476
69414,25
-1,-1
122109,256
86981,307
23435,510
99706,72
99281,110
319752,69
108856,1915
109542,53
101635,89
26563,6
58374,155
64909,19
-1,-1
1177,195
1295,1088
1936,2265
127794,17
64614,44
-1,-1
209855,71
41853,55
112460,50
-1,-1
22475,10
42371,54
-1,-1
10902,2468
47695,81
66050,12
-1,-1
6902,41
1170,1804
130105,23
9012,441
176717,373
992069,33
163589,22
56471,1649
