139704,2116,187011750
333843,98,12300975
543808,88,4708970
226986,99,15102715
291699,99,19253906
302204,99,15520807
258994,85,3520878
160890,99,15641071
359656,96,10248266
199772,93,7447434
373106,89,5074067
208928,91,6464375
346574,92,7113778
174514,95,8857031
195973,87,4356482
141375,92,7133155
124885,93,7204310
234947,82,2649789
235214,88,4422016
239133,94,8515529
341797,90,5706448
91449,93,7319165
193539,86,3788774
126513,88,4661809
-1,-1
-1,-1
-1,-1
-1,-1
-1,-1
-1,-1
74622,556
44348,75
40496,127
126727,106
123776,155
48358,64
65587,29
21850,1819
-1,-1
21613,3599
23811,402
68796,349
-1,-1
11615,467
363196,120
56632,19
13682,655
12910,361
113655,456
127064,89
-1,-1
115866,28
121289,36
183690,26
-1,-1
233467,25
309877,15
194600,180
267902,34
78666,25
28206,153
87320,400
61946,500
133743,88
268822,30
123372,77
59220,494
185922,1219
-1,-1
123402,67
37204,5
81343,77
24763,126
-1,-1
159819,8
85164,38
31694,262
69603,52
315418,13
8309,519
54579,217
85656,31
74147,205
-1,-1
-1,-1
33700,118
14852,7
131471,315
52307,80
73636,13
-1,-1
-1,-1
29664,121
57849,136
34419,127
307002,136
283283,349
41341,221
234877,239
