162365,2163,242723594
225068,99,15005944
180857,99,14822458
302405,99,16073147
327943,99,22710895
447356,99,14876149
131763,99,13069297
366490,99,13844602
151728,99,13649813
222361,99,13035806
324436,95,8772613
218293,95,8790235
927978,81,2261113
209199,99,13039911
369344,86,3598905
62103,99,14138125
354633,86,3776017
393341,81,2392971
202834,95,9328352
623279,86,3697448
234165,99,13402833
95588,99,13038499
566243,78,1771204
151050,93,7627257
-1,-1
-1,-1
-1,-1
-1,-1
-1,-1
-1,-1
-1,-1
-1,-1
-1,-1
-1,-1
-1,-1
-1,-1
-1,-1
-1,-1
-1,-1
-1,-1
-1,-1
-1,-1
-1,-1
-1,-1
-1,-1
-1,-1
-1,-1
-1,-1
1092128,8
-1,-1
-1,-1
-1,-1
-1,-1
206897,45
-1,-1
-1,-1
-1,-1
-1,-1
-1,-1
-1,-1
-1,-1
-1,-1
-1,-1
-1,-1
-1,-1
-1,-1
-1,-1
-1,-1
321364,25
217697,55
-1,-1
-1,-1
-1,-1
-1,-1
-1,-1
-1,-1
-1,-1
-1,-1
-1,-1
-1,-1
-1,-1
-1,-1
-1,-1
-1,-1
-1,-1
-1,-1
-1,-1
-1,-1
950077,6
-1,-1
-1,-1
-1,-1
-1,-1
-1,-1
-1,-1
-1,-1
-1,-1
-1,-1
283676,6
-1,-1
-1,-1
170592,8
-1,-1
-1,-1
-1,-1
547427,51
1044642,72
-1,-1
-1,-1
-1,-1
