161676,2099,201728392
168438,99,14918335
131943,99,14758535
219284,99,15486317
232685,99,22469743
342887,99,14649107
124966,99,13037333
258492,99,13681510
216950,99,13084675
172547,97,10817718
282627,92,7032502
286450,89,5182572
751479,80,2091861
228378,91,6130095
293716,85,3260093
91416,99,13035487
272362,86,3597967
358371,79,1862507
431184,78,1631891
508827,85,3437728
184264,99,13218814
163481,86,3664661
429483,77,1555320
227123,84,3123621
-1,-1
-1,-1
-1,-1
-1,-1
-1,-1
-1,-1
-1,-1
-1,-1
-1,-1
-1,-1
-1,-1
-1,-1
-1,-1
-1,-1
-1,-1
-1,-1
-1,-1
-1,-1
-1,-1
-1,-1
-1,-1
-1,-1
-1,-1
-1,-1
-1,-1
166543,45
-1,-1
-1,-1
-1,-1
-1,-1
-1,-1
-1,-1
-1,-1
-1,-1
-1,-1
-1,-1
-1,-1
-1,-1
-1,-1
-1,-1
154861,55
-1,-1
-1,-1
-1,-1
-1,-1
-1,-1
-1,-1
-1,-1
-1,-1
-1,-1
-1,-1
-1,-1
-1,-1
-1,-1
-1,-1
-1,-1
585711,5
-1,-1
-1,-1
-1,-1
-1,-1
-1,-1
-1,-1
-1,-1
174155,6
-1,-1
-1,-1
135120,7
-1,-1
-1,-1
-1,-1
435816,50
823666,72
-1,-1
-1,-1
