153772,2135,225928228
193347,99,14918335
152396,99,14758535
248232,99,15679696
271767,99,22471947
388569,99,14649107
144731,99,13037333
306917,99,13697670
246316,99,13084675
178853,99,13035556
316268,92,7032926
212614,93,7304247
799464,81,2258905
186995,99,13034524
340229,85,3260093
47122,99,14135587
313872,86,3598827
367794,80,2077200
373841,82,2654027
563795,85,3437728
219671,99,13218814
75870,99,13037803
501891,77,1570425
180681,87,3974268
-1,-1
-1,-1
-1,-1
-1,-1
-1,-1
-1,-1
-1,-1
-1,-1
-1,-1
-1,-1
-1,-1
-1,-1
-1,-1
-1,-1
-1,-1
-1,-1
-1,-1
-1,-1
-1,-1
-1,-1
-1,-1
-1,-1
-1,-1
-1,-1
-1,-1
-1,-1
-1,-1
186139,45
-1,-1
-1,-1
-1,-1
-1,-1
-1,-1
-1,-1
-1,-1
-1,-1
-1,-1
-1,-1
-1,-1
-1,-1
-1,-1
-1,-1
179648,55
-1,-1
-1,-1
-1,-1
-1,-1
-1,-1
-1,-1
-1,-1
-1,-1
-1,-1
-1,-1
-1,-1
-1,-1
-1,-1
-1,-1
-1,-1
-1,-1
-1,-1
-1,-1
722392,5
-1,-1
-1,-1
-1,-1
-1,-1
-1,-1
-1,-1
-1,-1
219991,6
-1,-1
-1,-1
153102,7
-1,-1
-1,-1
-1,-1
482186,50
914015,72
-1,-1
-1,-1
