168421,2078,189715693
160797,99,14918335
125963,99,14758535
205696,99,15486317
218202,99,22469743
324632,99,14649107
115521,99,13037333
239028,99,13679148
204502,99,13084155
158665,96,10521092
266939,92,7032296
270923,89,5182572
729270,80,2036916
253889,88,4550835
285905,84,3020269
202430,87,4182718
305444,83,2681779
347501,78,1796542
397520,78,1630760
487218,85,3437728
169513,99,13217279
153270,86,3664498
406173,77,1554820
209147,84,3122916
-1,-1
-1,-1
-1,-1
-1,-1
-1,-1
-1,-1
-1,-1
-1,-1
-1,-1
-1,-1
-1,-1
-1,-1
-1,-1
-1,-1
-1,-1
-1,-1
-1,-1
-1,-1
-1,-1
-1,-1
-1,-1
-1,-1
-1,-1
-1,-1
-1,-1
159900,45
-1,-1
-1,-1
-1,-1
-1,-1
-1,-1
-1,-1
-1,-1
-1,-1
-1,-1
-1,-1
-1,-1
-1,-1
-1,-1
-1,-1
143536,55
-1,-1
-1,-1
-1,-1
-1,-1
-1,-1
-1,-1
-1,-1
-1,-1
-1,-1
-1,-1
-1,-1
-1,-1
-1,-1
-1,-1
-1,-1
512474,5
-1,-1
-1,-1
-1,-1
-1,-1
-1,-1
-1,-1
-1,-1
150306,6
-1,-1
-1,-1
128342,7
-1,-1
-1,-1
-1,-1
417880,50
783055,72
-1,-1
-1,-1
