136949,2265,259367423
241907,99,15101738
197521,99,14907406
320004,99,16813235
352722,99,23422765
471535,99,15383202
45788,99,13505397
368391,99,14486421
165829,99,13670125
227748,99,13052754
304251,99,13034432
239875,95,8811770
973512,82,2431840
217145,99,13053881
389674,86,3663226
71744,99,14187963
374598,87,4084640
364874,84,3017799
222678,95,9585968
627407,87,4302527
221846,99,13800403
84649,99,13069271
596746,79,1985860
172458,93,7714375
114880,91,6280425
-1,0
-1,0
-1,0
-1,0
-1,0
-1,0
-1,0
-1,0
-1,0
-1,0
-1,0
-1,0
-1,0
-1,0
-1,0
-1,2500
-1,0
-1,0
-1,0
-1,187
-1,0
-1,0
-1,0
-1,0
-1,1
1186408,8
-1,0
-1,0
-1,0
-1,1
-1,0
222897,45
-1,0
-1,1
-1,2
-1,1
-1,1
-1,1
-1,2
-1,2
-1,3
-1,0
-1,0
-1,1
-1,1
-1,1
332230,37
245771,55
123568,153
-1,0
547857,120
-1,1
-1,1
-1,1
-1,0
-1,0
-1,0
-1,0
-1,0
-1,0
-1,0
-1,1
-1,0
-1,0
585500,7
-1,0
-1,1
1075696,7
-1,0
-1,0
-1,0
-1,1
-1,0
-1,1
-1,0
-1,0
-1,0
332757,6
-1,0
-1,0
163442,9
-1,1
-1,0
-1,0
576869,54
1064392,80
-1,0
-1,0
-1,1
