161851,2156,238203887
221516,99,14918335
177850,99,14758535
301675,99,15703250
319041,99,22472033
442206,99,14649107
166495,99,13037333
361357,99,13732844
146250,99,13648838
214148,99,13035556
311849,95,8771792
221801,94,8155236
898276,81,2258905
211701,99,13034769
394063,85,3260093
59138,99,14135587
352229,86,3668168
426703,80,2105294
196545,95,9192650
628753,85,3441553
256883,99,13218814
90976,99,13038003
580658,77,1574985
154536,91,6392207
-1,-1
-1,-1
-1,-1
-1,-1
-1,-1
-1,-1
-1,-1
-1,-1
-1,-1
-1,-1
-1,-1
-1,-1
-1,-1
-1,-1
-1,-1
-1,-1
-1,-1
-1,-1
-1,-1
-1,-1
-1,-1
-1,-1
-1,-1
-1,-1
-1,-1
-1,-1
-1,-1
-1,-1
-1,-1
202979,45
-1,-1
-1,-1
-1,-1
-1,-1
-1,-1
-1,-1
-1,-1
-1,-1
-1,-1
-1,-1
-1,-1
-1,-1
-1,-1
-1,-1
-1,-1
209213,55
-1,-1
-1,-1
-1,-1
-1,-1
-1,-1
-1,-1
-1,-1
-1,-1
-1,-1
-1,-1
-1,-1
-1,-1
-1,-1
-1,-1
-1,-1
-1,-1
-1,-1
-1,-1
882339,5
-1,-1
-1,-1
-1,-1
-1,-1
-1,-1
-1,-1
-1,-1
-1,-1
-1,-1
268768,6
-1,-1
-1,-1
171030,7
-1,-1
-1,-1
-1,-1
539414,50
1015667,72
-1,-1
-1,-1
-1,-1
