134341,2271,264001701
243712,99,15101738
199396,99,14907406
323532,99,16813235
356359,99,23422765
475434,99,15383202
46317,99,13505397
371130,99,14490711
167127,99,13670125
229920,99,13052754
305714,99,13034432
241357,95,8811770
978342,82,2431840
218566,99,13053881
392789,86,3663226
72523,99,14187963
377635,87,4084758
367759,84,3017799
224180,95,9585968
631986,87,4302527
224215,99,13800403
85349,99,13069271
600907,79,1985860
174205,93,7714375
93026,97,10910295
-1,0
-1,0
-1,0
-1,0
-1,0
-1,0
-1,0
-1,0
-1,0
-1,0
-1,0
-1,0
-1,0
-1,0
-1,0
-1,2500
-1,0
-1,0
-1,0
-1,187
-1,0
-1,0
-1,0
-1,0
-1,1
1193114,8
-1,0
-1,0
-1,0
-1,1
-1,0
224134,45
-1,0
-1,1
-1,2
-1,1
-1,1
-1,1
-1,2
-1,2
-1,3
-1,0
-1,0
-1,1
-1,1
-1,1
335330,37
248017,55
124365,153
-1,0
551578,120
-1,1
-1,1
-1,1
-1,0
-1,0
-1,0
-1,0
-1,0
-1,0
-1,0
-1,1
-1,0
-1,0
588975,7
-1,0
-1,1
1084181,7
-1,0
-1,0
-1,0
-1,1
-1,0
-1,1
-1,0
-1,0
-1,0
336554,6
-1,0
-1,0
163958,9
-1,1
-1,0
-1,0
580410,54
1068262,80
-1,0
-1,0
-1,1
