208025,2164,243234144
230219,99,15050043
185926,99,14865012
309705,99,16295877
340125,99,22813955
467271,99,14876149
127224,99,13082197
384228,99,13850700
157639,99,13649813
235598,99,13035806
336736,95,8772613
226467,95,8790235
959545,81,2261113
217129,99,13039911
387881,86,3598905
67255,99,14138125
368891,86,3776017
411358,81,2392971
213085,95,9328352
635592,86,3776557
245243,99,13402833
100238,99,13038499
591296,78,1771204
158460,93,7627257
-1,1,0
-1,0
-1,0
-1,0
-1,0
-1,0
-1,0
-1,0
-1,0
-1,0
-1,0
-1,0
-1,0
-1,0
-1,0
-1,0
-1,2500
-1,0
-1,0
-1,0
-1,161
-1,0
-1,0
-1,0
-1,0
-1,0
1126594,8
-1,0
-1,0
-1,0
-1,0
212158,45
-1,0
-1,0
-1,0
-1,1
-1,1
-1,0
-1,2
-1,2
-1,3
-1,0
-1,0
-1,0
-1,1
-1,1
335156,25
227407,55
-1,1
-1,0
-1,0
-1,1
-1,1
-1,0
-1,0
-1,0
-1,0
-1,0
-1,0
-1,0
-1,0
-1,0
-1,0
-1,0
-1,0
-1,0
-1,0
1009075,6
-1,0
-1,0
-1,0
-1,0
-1,0
-1,0
-1,0
-1,0
-1,0
300543,6
-1,0
-1,0
173238,8
-1,0
-1,0
-1,0
562793,51
1073436,72
-1,0
-1,0
-1,1
