152169,2140,227328762
196840,99,14918335
155383,99,14758535
254857,99,15679696
276967,99,22471947
393939,99,14649107
146725,99,13037333
312646,99,13698068
251140,99,13084675
181978,99,13035556
319725,92,7032926
215238,93,7304247
812109,81,2258905
190075,99,13034524
346278,85,3260093
47998,99,14135587
320803,86,3598827
376434,80,2078800
303299,87,4052363
571313,85,3437728
223976,99,13218814
76975,99,13038003
510730,77,1570425
184547,87,3974268
-1,-1
-1,-1
-1,-1
-1,-1
-1,-1
-1,-1
-1,-1
-1,-1
-1,-1
-1,-1
-1,-1
-1,-1
-1,-1
-1,-1
-1,-1
-1,-1
-1,-1
-1,-1
-1,-1
-1,-1
-1,-1
-1,-1
-1,-1
-1,-1
-1,-1
-1,-1
-1,-1
-1,-1
188606,45
-1,-1
-1,-1
-1,-1
-1,-1
-1,-1
-1,-1
-1,-1
-1,-1
-1,-1
-1,-1
-1,-1
-1,-1
-1,-1
-1,-1
182924,55
-1,-1
-1,-1
-1,-1
-1,-1
-1,-1
-1,-1
-1,-1
-1,-1
-1,-1
-1,-1
-1,-1
-1,-1
-1,-1
-1,-1
-1,-1
-1,-1
-1,-1
-1,-1
737516,5
-1,-1
-1,-1
-1,-1
-1,-1
-1,-1
-1,-1
-1,-1
-1,-1
225047,6
-1,-1
-1,-1
155207,7
-1,-1
-1,-1
-1,-1
488283,50
928078,72
-1,-1
-1,-1
