989214,1627,124810372
380581,99,13034868
332785,99,13034562
579905,99,13034738
406266,99,17334023
502823,99,13101641
1336725,63,400783
1743588,73,1002460
305483,99,13049660
191103,99,13034563
428198,89,5205941
467631,84,3057904
1955605,56,195850
896317,72,957561
223029,88,4580783
109700,99,13055628
1432615,51,117083
1674499,59,268161
1912733,48,84613
1602830,55,176703
1702074,34,22319
-1,1,-1
-1,1,-1
1591346,44,58229
-1,-1
-1,-1
-1,-1
-1,-1
-1,-1
-1,-1
-1,-1
-1,-1
-1,-1
-1,-1
-1,-1
-1,-1
-1,-1
-1,-1
-1,-1
-1,-1
-1,-1
-1,-1
-1,-1
-1,-1
-1,-1
-1,-1
-1,-1
-1,-1
-1,-1
-1,-1
-1,-1
-1,-1
-1,-1
-1,-1
-1,-1
-1,-1
-1,-1
-1,-1
-1,-1
-1,-1
-1,-1
-1,-1
-1,-1
-1,-1
-1,-1
-1,-1
-1,-1
-1,-1
-1,-1
-1,-1
-1,-1
-1,-1
-1,-1
-1,-1
-1,-1
-1,-1
-1,-1
-1,-1
-1,-1
-1,-1
-1,-1
-1,-1
-1,-1
-1,-1
-1,-1
-1,-1
-1,-1
-1,-1
-1,-1
-1,-1
-1,-1
-1,-1
-1,-1
-1,-1
-1,-1
-1,-1
-1,-1
-1,-1
-1,-1
-1,-1
-1,-1
-1,-1
-1,-1
-1,-1
-1,-1
-1,-1
