1007513,1633,128568799
392320,99,13034868
343805,99,13034562
598010,99,13034738
419918,99,17334023
518136,99,13101641
1369833,63,400783
1782915,73,1002460
315809,99,13049660
200640,99,13034563
287800,95,8964368
481511,84,3057904
-1,56,195850
921994,72,957561
232666,88,4580783
118889,99,13055628
1469415,51,117083
1717164,59,268161
1958824,48,84613
1636939,55,176703
1744574,34,22319
-1,1,-1
-1,1,-1
1628390,44,58229
-1,-1
-1,-1
-1,-1
-1,-1
-1,-1
-1,-1
-1,-1
-1,-1
-1,-1
-1,-1
-1,-1
-1,-1
-1,-1
-1,-1
-1,-1
-1,-1
-1,-1
-1,-1
-1,-1
-1,-1
-1,-1
-1,-1
-1,-1
-1,-1
-1,-1
-1,-1
-1,-1
-1,-1
-1,-1
-1,-1
-1,-1
-1,-1
-1,-1
-1,-1
-1,-1
-1,-1
-1,-1
-1,-1
-1,-1
-1,-1
-1,-1
-1,-1
-1,-1
-1,-1
-1,-1
-1,-1
-1,-1
-1,-1
-1,-1
-1,-1
-1,-1
-1,-1
-1,-1
-1,-1
-1,-1
-1,-1
-1,-1
-1,-1
-1,-1
-1,-1
-1,-1
-1,-1
-1,-1
-1,-1
-1,-1
-1,-1
-1,-1
-1,-1
-1,-1
-1,-1
-1,-1
-1,-1
-1,-1
-1,-1
-1,-1
-1,-1
-1,-1
-1,-1
-1,-1
-1,-1
-1,-1
-1,-1
