499803,1961,127717789
919486,85,3536659
951937,83,2688056
570656,99,13202828
545387,99,15779337
364368,99,17584389
477999,82,2572663
654167,96,9701698
168912,99,13522885
70325,99,14534947
406715,91,6272717
1354286,70,740670
692711,87,4079752
502591,85,3269412
618681,78,1746807
607659,82,2479113
447463,83,2810472
513950,79,1964763
916054,73,1003104
710898,84,2972951
632646,86,3723896
665757,69,689491
813884,73,1035914
734229,79,1805265
-1,1,0
-1,-1
-1,-1
-1,-1
-1,-1
-1,-1
-1,-1
-1,-1
392102,165
110792,64
222667,36
367232,38
676738,19
444643,6
371308,2
-1,-1
-1,-1
160801,467
932921,11
-1,-1
-1,-1
-1,-1
-1,-1
-1,-1
-1,-1
-1,-1
532616,100
-1,-1
195877,37
-1,-1
-1,-1
207473,48
-1,-1
14545,343
147419,41
164859,86
-1,-1
436149,17
249611,91
301961,151
293313,59
354578,7
-1,-1
-1,-1
208916,176
16771,2231
213032,80
510439,19
-1,-1
434134,54
-1,-1
-1,-1
212164,49
-1,-1
-1,-1
-1,-1
-1,-1
-1,-1
379116,5
145547,68
136488,98
-1,-1
114833,128
-1,-1
412803,13
-1,-1
-1,-1
437840,62
9932,150
125837,242
-1,-1
-1,-1
-1,-1
83541,7
94871,12
-1,-1
-1,-1
47689,114
57640,129
-1,-1
-1,-1
-1,-1
-1,-1
-1,-1
527442,58
1275968,47
-1,-1
139225,92
264791,353
