497983,1829,64188525
764921,82,2540774
772689,80,2115530
622339,94,8650065
690646,93,7607684
707392,91,5989577
605759,75,1255482
753428,88,4748395
371284,94,8498293
478793,81,2294360
596399,80,2044738
1173719,67,570416
484657,87,4014205
396460,81,2312220
462981,76,1379771
507615,77,1518467
504512,75,1212263
381526,77,1588765
606347,72,914835
831091,74,1098063
655926,75,1330378
544892,64,446973
554128,72,950250
556068,74,1107021
-1,-1
-1,-1
-1,-1
-1,-1
-1,-1
349740,115
61045,51
167350,29
330888,28
684333,7
-1,-1
-1,-1
-1,-1
-1,-1
112100,467
443924,11
-1,-1
-1,-1
-1,-1
432572,85
-1,-1
114641,37
-1,-1
-1,-1
-1,-1
-1,-1
20196,207
-1,-1
-1,-1
-1,-1
246556,16
263190,31
223247,142
-1,-1
150070,7
-1,-1
184993,126
284829,26
-1,-1
446067,10
-1,-1
425891,30
-1,-1
-1,-1
158220,35
-1,-1
-1,-1
-1,-1
-1,-1
-1,-1
-1,-1
215096,17
-1,-1
-1,-1
-1,-1
316377,37
6119,150
73318,157
-1,-1
-1,-1
59525,7
-1,-1
-1,-1
38054,94
63124,11
-1,-1
-1,-1
-1,-1
-1,-1
-1,-1
395243,52
910888,47
87156,92
-1,-1
