437860,1960,126216562
843774,85,3536659
876308,83,2688056
524130,99,13202815
502345,99,15779333
335239,99,17584389
437423,82,2572663
607964,96,9701628
156219,99,13522885
211073,99,13035467
375413,91,6272717
1274865,70,740670
642784,87,4079752
463731,85,3269412
570195,78,1746807
552055,82,2479113
414175,83,2808812
471220,79,1964763
820405,73,1003104
669516,84,2972951
579009,86,3723896
606551,69,689491
743002,73,1035914
676241,79,1805265
-1,-1
-1,-1
-1,-1
-1,-1
-1,-1
-1,-1
362241,165
89667,64
200657,36
342877,38
641491,19
414204,6
347777,2
-1,-1
-1,-1
157773,467
808927,11
-1,-1
-1,-1
-1,-1
-1,-1
-1,-1
-1,-1
-1,-1
500586,100
-1,-1
183119,37
-1,-1
-1,-1
198761,48
-1,-1
13613,343
138158,41
156830,86
-1,-1
397390,17
236597,91
279460,151
278582,59
291207,7
-1,-1
201145,176
15735,2231
188788,80
468916,19
-1,-1
418402,54
-1,-1
-1,-1
196146,49
-1,-1
-1,-1
-1,-1
-1,-1
-1,-1
357913,5
129149,68
121034,98
-1,-1
94167,128
390085,13
-1,-1
-1,-1
372408,62
9310,150
111751,242
-1,-1
-1,-1
-1,-1
72455,7
87726,12
-1,-1
-1,-1
45430,114
52544,129
-1,-1
-1,-1
-1,-1
-1,-1
-1,-1
495281,58
1199145,47
-1,-1
128377,92
250256,353
