396292,1941,114099032
751129,85,3471825
783749,82,2640659
447828,99,13191384
437352,99,15564578
293160,99,17165465
371508,82,2572263
531429,95,9447849
142000,99,13422290
448265,85,3297442
389338,90,5425185
1154826,70,740670
559812,87,4078440
397090,85,3264119
491851,78,1709075
451486,82,2460724
369551,82,2620828
403885,79,1863308
683731,73,996760
590979,84,2972951
497724,86,3712740
525068,68,652991
633758,73,1023231
580011,79,1804255
-1,-1
-1,-1
-1,-1
-1,-1
-1,-1
-1,-1
337831,150
74773,58
185518,32
337447,33
577838,19
366992,6
311999,2
-1,-1
-1,-1
133345,467
629588,11
-1,-1
-1,-1
-1,-1
-1,-1
460180,95
-1,-1
149686,37
-1,-1
-1,-1
184287,44
-1,-1
11831,343
121074,41
135619,86
-1,-1
330508,17
211919,91
245555,151
251423,59
224376,7
-1,-1
187596,167
16164,1911
161689,80
404664,19
-1,-1
388652,54
-1,-1
-1,-1
164471,49
-1,-1
-1,-1
-1,-1
-1,-1
-1,-1
320776,5
98042,60
91554,98
-1,-1
60453,128
344247,13
-1,-1
-1,-1
300548,62
7956,150
88310,242
-1,-1
50993,7
70622,12
-1,-1
-1,-1
38640,114
39053,128
-1,-1
-1,-1
-1,-1
-1,-1
-1,-1
434077,58
1061205,47
105842,92
221923,347
