454601,1960,127103975
877989,85,3536659
910279,83,2688056
544609,99,13202821
521538,99,15779335
348990,99,17584389
454977,82,2572663
630342,96,9701663
161798,99,13522885
82240,99,13922007
390999,91,6272717
1308827,70,740670
666049,87,4079752
480628,85,3269412
589471,78,1746807
576115,82,2479113
427739,83,2809642
490918,79,1964763
865945,73,1003104
686396,84,2972951
599686,86,3723896
635440,69,689491
774449,73,1035914
699525,79,1805265
-1,-1
-1,-1
-1,-1
-1,-1
-1,-1
-1,-1
375558,165
99668,64
210650,36
353323,38
656267,19
427629,6
358612,2
-1,-1
-1,-1
159730,467
871072,11
-1,-1
-1,-1
-1,-1
-1,-1
-1,-1
-1,-1
-1,-1
514482,100
-1,-1
189772,37
-1,-1
-1,-1
201683,48
-1,-1
13959,343
141890,41
160529,86
-1,-1
414191,17
241884,91
288081,151
284577,59
321201,7
-1,-1
-1,-1
204317,176
16167,2231
198018,80
483932,19
-1,-1
424865,54
-1,-1
-1,-1
202664,49
-1,-1
-1,-1
-1,-1
-1,-1
-1,-1
367966,5
135936,68
127772,98
-1,-1
106926,128
399582,13
-1,-1
-1,-1
398152,62
9568,150
116806,242
-1,-1
-1,-1
-1,-1
77016,7
90567,12
-1,-1
-1,-1
46369,114
54735,129
-1,-1
-1,-1
-1,-1
-1,-1
-1,-1
508807,58
1237191,47
-1,-1
132731,92
256548,353
