472815,1960,127717789
909335,85,3536659
941811,83,2688056
564451,99,13202828
539653,99,15779337
359597,99,17584389
472942,82,2572663
646971,96,9701698
167280,99,13522885
68556,99,14534947
402502,91,6272717
1341818,70,740670
685786,87,4079752
496722,85,3269412
609703,78,1746807
599021,82,2479113
442495,83,2810472
508249,79,1964763
901609,73,1003104
705067,84,2972951
625024,86,3723896
657781,69,689491
803832,73,1035914
725085,79,1805265
-1,-1
-1,-1
-1,-1
-1,-1
-1,-1
-1,-1
-1,-1
388620,165
108369,64
219947,36
364033,38
672623,19
441479,6
368944,2
-1,-1
-1,-1
160181,467
918503,11
-1,-1
-1,-1
-1,-1
-1,-1
-1,-1
-1,-1
-1,-1
529062,100
-1,-1
193821,37
-1,-1
-1,-1
206254,48
-1,-1
14415,343
146177,41
163882,86
-1,-1
432000,17
248159,91
299379,151
291607,59
348782,7
-1,-1
-1,-1
207882,176
16622,2231
210262,80
505018,19
-1,-1
432280,54
-1,-1
-1,-1
210312,49
-1,-1
-1,-1
-1,-1
-1,-1
-1,-1
376875,5
143797,68
135053,98
-1,-1
111814,128
410107,13
-1,-1
-1,-1
422606,62
9849,150
123814,242
-1,-1
-1,-1
-1,-1
82236,7
93977,12
-1,-1
-1,-1
47405,114
57423,129
-1,-1
-1,-1
-1,-1
-1,-1
-1,-1
523776,58
1266844,47
-1,-1
137438,92
262797,353
