408074,1960,126183917
800326,85,3536659
833643,83,2688056
488660,99,13202815
470535,99,15779331
311722,99,17584389
407615,82,2572663
568879,96,9696121
145599,99,13522885
193682,99,13035467
358952,91,6272717
1225090,70,740670
606429,87,4079752
434172,85,3269412
539297,78,1719671
509168,82,2479113
388194,83,2808812
439342,79,1964763
762538,73,1003104
636511,84,2972951
543124,86,3723896
564463,69,689491
693503,73,1035914
635046,79,1805265
-1,-1
-1,-1
-1,-1
-1,-1
-1,-1
-1,-1
342601,165
80603,64
186813,36
327857,38
615269,19
393626,6
332062,2
-1,-1
-1,-1
144218,467
733862,11
-1,-1
-1,-1
-1,-1
-1,-1
-1,-1
-1,-1
-1,-1
477685,100
-1,-1
170474,37
-1,-1
-1,-1
192007,48
-1,-1
12864,343
130911,41
147642,86
-1,-1
370069,17
226195,91
264403,151
267099,59
261898,7
-1,-1
193482,176
14557,2231
176926,80
441030,19
-1,-1
406466,54
-1,-1
-1,-1
181806,49
-1,-1
-1,-1
-1,-1
-1,-1
-1,-1
341843,5
113103,68
106632,98
-1,-1
77876,128
371001,13
-1,-1
-1,-1
340297,62
8791,150
101923,242
-1,-1
-1,-1
-1,-1
61900,7
79466,12
-1,-1
-1,-1
42276,114
45151,129
-1,-1
-1,-1
-1,-1
-1,-1
-1,-1
468533,58
1143562,47
119645,92
236318,353
