-1,1132,39553923
-1,1,12
-1,1,0
-1,1,0
-1,10,1154
-1,1,12
-1,1,13
-1,1,7
838688,84,3208760
317621,95,8949239
567703,87,4275976
456765,87,4236049
1745036,68,631945
741819,80,1993268
940654,73,1042356
225625,96,9711841
1572597,57,213034
1995022,60,286999
461395,84,3073521
-1,1,0
1397852,66,541867
1621042,45,64794
852143,73,1066887
1374521,59,256189
-1,1,0
-1,0
-1,0
-1,0
-1,0
-1,0
-1,0
-1,0
-1,3
1496876,2
-1,0
1669078,1
-1,0
-1,0
-1,0
-1,0
-1,2500
-1,0
966890,15
-1,0
-1,49
-1,0
-1,0
-1,0
-1,0
-1,0
-1,0
-1,0
-1,0
-1,0
-1,0
-1,0
-1,0
-1,0
-1,0
-1,0
-1,0
-1,0
-1,0
-1,0
-1,0
-1,0
-1,0
-1,0
-1,0
-1,0
-1,0
-1,0
-1,0
-1,0
-1,0
-1,0
-1,0
-1,0
-1,0
-1,0
-1,0
-1,0
-1,0
-1,0
-1,0
-1,0
-1,0
-1,0
-1,0
-1,0
-1,0
-1,0
756953,27
-1,0
-1,0
-1,0
-1,0
-1,0
-1,0
-1,0
-1,0
-1,0
-1,0
-1,0
-1,0
-1,0
-1,0
-1,0
-1,0
-1,0
1430827,36
-1,0
-1,0
-1,0
