-1,1056,35190337
-1,1,12
-1,1,0
-1,1,0
-1,10,1154
-1,1,12
-1,1,0
-1,1,7
712015,84,3193962
239378,95,8771714
474871,87,4275976
589653,82,2422137
1451747,68,631945
600048,80,1988443
763733,73,1031906
175874,94,8725381
1324890,56,197370
1644517,60,286986
374585,83,2950698
-1,1,0
1194597,63,390335
1317047,45,64794
-1,10,1316
1119471,59,256189
-1,-1
-1,-1
-1,-1
-1,-1
-1,-1
-1,-1
1744790,3
1257354,2
-1,-1
1497778,1
-1,-1
-1,-1
-1,-1
-1,-1
-1,-1
-1,-1
680729,15
-1,-1
-1,-1
-1,-1
-1,-1
-1,-1
-1,-1
-1,-1
-1,-1
-1,-1
-1,-1
-1,-1
-1,-1
-1,-1
-1,-1
-1,-1
-1,-1
-1,-1
-1,-1
-1,-1
-1,-1
-1,-1
-1,-1
-1,-1
-1,-1
-1,-1
-1,-1
-1,-1
-1,-1
-1,-1
-1,-1
-1,-1
-1,-1
-1,-1
-1,-1
-1,-1
-1,-1
-1,-1
-1,-1
-1,-1
-1,-1
-1,-1
-1,-1
-1,-1
-1,-1
-1,-1
529261,27
-1,-1
-1,-1
-1,-1
-1,-1
-1,-1
-1,-1
-1,-1
-1,-1
-1,-1
-1,-1
-1,-1
-1,-1
-1,-1
-1,-1
-1,-1
-1,-1
1214787,36
-1,-1
-1,-1
