-1,0,0
-1,1,-1
-1,1,-1
-1,1,-1
-1,1,-1
-1,1,-1
-1,1,-1
-1,1,-1
776002,84,3208760
277789,95,8771714
521522,87,4275976
546073,83,2903710
1608141,68,631945
669394,80,1993268
843954,73,1042356
194455,96,9711841
1451426,57,207765
1840146,60,286992
416343,84,3073481
-1,1,-1
1267675,66,540075
1482189,45,64794
1314690,63,370224
1240448,59,256189
-1,-1
-1,-1
-1,-1
-1,-1
-1,-1
-1,-1
1894756,3
1374555,2
-1,-1
1579104,1
-1,-1
-1,-1
-1,-1
-1,-1
-1,-1
-1,-1
836678,15
-1,-1
-1,-1
-1,-1
-1,-1
-1,-1
-1,-1
-1,-1
-1,-1
-1,-1
-1,-1
-1,-1
-1,-1
-1,-1
-1,-1
-1,-1
-1,-1
-1,-1
-1,-1
-1,-1
-1,-1
-1,-1
-1,-1
-1,-1
-1,-1
-1,-1
-1,-1
-1,-1
-1,-1
-1,-1
-1,-1
-1,-1
-1,-1
-1,-1
-1,-1
-1,-1
-1,-1
-1,-1
-1,-1
-1,-1
-1,-1
-1,-1
-1,-1
-1,-1
-1,-1
-1,-1
-1,-1
-1,-1
642788,27
-1,-1
-1,-1
-1,-1
-1,-1
-1,-1
-1,-1
-1,-1
-1,-1
-1,-1
-1,-1
-1,-1
-1,-1
-1,-1
-1,-1
-1,-1
-1,-1
-1,-1
1336801,36
-1,-1
-1,-1
-1,-1
