-1,1132,39553923
-1,1,12
-1,1,0
-1,1,0
-1,10,1154
-1,1,12
-1,1,13
-1,1,7
847242,84,3208760
323720,95,8949239
573538,87,4275976
462620,87,4236049
1761558,68,631945
751680,80,1993268
953508,73,1042356
230760,96,9711841
1586605,57,213034
-1,60,286999
467841,84,3073521
-1,1,0
1410879,66,541867
1635549,45,64794
864063,73,1066887
1388154,59,256189
-1,1,0
-1,0
-1,0
-1,0
-1,0
-1,0
-1,0
-1,0
-1,3
1513065,2
-1,0
1679854,1
-1,0
-1,0
-1,0
-1,0
-1,2500
-1,0
982446,15
-1,0
-1,49
-1,0
-1,0
-1,0
-1,0
-1,0
-1,0
-1,0
-1,0
-1,0
-1,0
-1,0
-1,0
-1,0
-1,0
-1,0
-1,0
-1,0
-1,0
-1,0
-1,0
-1,0
-1,0
-1,0
-1,0
-1,0
-1,0
-1,0
-1,0
-1,0
-1,0
-1,0
-1,0
-1,0
-1,0
-1,0
-1,0
-1,0
-1,0
-1,0
-1,0
-1,0
-1,0
-1,0
-1,0
-1,0
-1,0
-1,0
770626,27
-1,0
-1,0
-1,0
-1,0
-1,0
-1,0
-1,0
-1,0
-1,0
-1,0
-1,0
-1,0
-1,0
-1,0
-1,0
-1,0
-1,0
1442808,36
-1,0
-1,0
-1,0
