-1,0,0
-1,1,-1
-1,1,-1
-1,1,-1
-1,1,-1
-1,1,-1
-1,1,-1
-1,1,-1
693655,84,3193962
282276,91,6133214
631791,81,2358425
575129,82,2422137
1411546,68,631945
580499,80,1988443
740684,73,1031906
165396,94,8725381
1292402,56,196250
1603902,60,286986
360771,83,2950698
-1,1,-1
1183188,62,341324
1280222,45,64794
-1,1,-1
1089752,59,256189
-1,-1
-1,-1
-1,-1
-1,-1
-1,-1
-1,-1
1709420,3
1231157,2
-1,-1
1480283,1
-1,-1
-1,-1
-1,-1
-1,-1
-1,-1
-1,-1
643367,15
-1,-1
-1,-1
-1,-1
-1,-1
-1,-1
-1,-1
-1,-1
-1,-1
-1,-1
-1,-1
-1,-1
-1,-1
-1,-1
-1,-1
-1,-1
-1,-1
-1,-1
-1,-1
-1,-1
-1,-1
-1,-1
-1,-1
-1,-1
-1,-1
-1,-1
-1,-1
-1,-1
-1,-1
-1,-1
-1,-1
-1,-1
-1,-1
-1,-1
-1,-1
-1,-1
-1,-1
-1,-1
-1,-1
-1,-1
-1,-1
-1,-1
-1,-1
-1,-1
-1,-1
-1,-1
507011,27
-1,-1
-1,-1
-1,-1
-1,-1
-1,-1
-1,-1
-1,-1
-1,-1
-1,-1
-1,-1
-1,-1
-1,-1
-1,-1
-1,-1
-1,-1
-1,-1
1179467,36
-1,-1
-1,-1
