-1,1128,38000810
-1,1,12
-1,1,0
-1,1,0
-1,10,1154
-1,1,12
-1,1,13
-1,1,7
804144,84,3208760
299359,95,8773176
544126,87,4275976
569842,83,2903710
1676118,68,631945
703099,80,1993268
890459,73,1042356
208765,96,9711841
1516154,57,209614
1925472,60,286992
438849,84,3073481
-1,1,0
1335948,66,541867
1555791,45,64794
827894,73,1025643
1310926,59,256189
-1,1,0
-1,0
-1,0
-1,0
-1,0
-1,0
-1,0
-1,0
1963658,3
1429006,2
-1,0
1622270,1
-1,0
-1,0
-1,0
-1,0
-1,2500
-1,0
900726,15
-1,0
-1,49
-1,0
-1,0
-1,0
-1,0
-1,0
-1,0
-1,0
-1,0
-1,0
-1,0
-1,0
-1,0
-1,0
-1,0
-1,0
-1,0
-1,0
-1,0
-1,0
-1,0
-1,0
-1,0
-1,0
-1,0
-1,0
-1,0
-1,0
-1,0
-1,0
-1,0
-1,0
-1,0
-1,0
-1,0
-1,0
-1,0
-1,0
-1,0
-1,0
-1,0
-1,0
-1,0
-1,0
-1,0
-1,0
-1,0
701691,27
-1,0
-1,0
-1,0
-1,0
-1,0
-1,0
-1,0
-1,0
-1,0
-1,0
-1,0
-1,0
-1,0
-1,0
-1,0
-1,0
-1,0
1384398,36
-1,0
-1,0
-1,0
