-1,0,0
-1,1,-1
-1,1,-1
-1,1,-1
-1,1,-1
-1,1,-1
-1,1,-1
-1,1,-1
782524,84,3208760
282596,95,8771714
526124,87,4275976
551221,83,2903710
1621986,68,631945
676227,80,1993268
852824,73,1042356
196613,96,9711841
1465677,57,207765
1850995,60,286992
418767,84,3073481
-1,1,-1
1282980,66,540075
1495427,45,64794
1326964,63,370224
1253860,59,256189
-1,-1
-1,-1
-1,-1
-1,-1
-1,-1
-1,-1
1915001,3
1391217,2
-1,-1
1591968,1
-1,-1
-1,-1
-1,-1
-1,-1
-1,-1
-1,-1
850519,15
-1,-1
-1,-1
-1,-1
-1,-1
-1,-1
-1,-1
-1,-1
-1,-1
-1,-1
-1,-1
-1,-1
-1,-1
-1,-1
-1,-1
-1,-1
-1,-1
-1,-1
-1,-1
-1,-1
-1,-1
-1,-1
-1,-1
-1,-1
-1,-1
-1,-1
-1,-1
-1,-1
-1,-1
-1,-1
-1,-1
-1,-1
-1,-1
-1,-1
-1,-1
-1,-1
-1,-1
-1,-1
-1,-1
-1,-1
-1,-1
-1,-1
-1,-1
-1,-1
-1,-1
-1,-1
-1,-1
-1,-1
657261,27
-1,-1
-1,-1
-1,-1
-1,-1
-1,-1
-1,-1
-1,-1
-1,-1
-1,-1
-1,-1
-1,-1
-1,-1
-1,-1
-1,-1
-1,-1
-1,-1
-1,-1
1346475,36
-1,-1
-1,-1
-1,-1
