-1,1146,39556669
-1,1,12
-1,1,0
-1,1,0
-1,10,1154
-1,1,12
-1,1,13
-1,1,7
852885,84,3208760
327654,95,8949239
577724,87,4275976
466248,87,4236162
1773036,68,631945
758397,80,1993268
961834,73,1042356
233897,96,9711841
1597549,57,213034
-1,60,286999
471909,84,3073521
-1,1,0
1420347,66,541867
1646368,45,64794
871732,73,1066887
1397399,59,256189
777528,15,2633
-1,0
-1,0
-1,0
-1,0
-1,0
-1,0
-1,0
-1,3
1522723,2
-1,0
1686636,1
-1,0
-1,0
-1,0
-1,0
-1,2500
-1,0
993303,15
-1,0
-1,49
-1,0
-1,0
-1,0
-1,0
-1,0
-1,0
-1,0
-1,0
-1,0
-1,0
-1,0
-1,0
-1,0
-1,0
-1,0
-1,0
-1,0
-1,0
-1,0
-1,0
-1,0
-1,0
-1,0
-1,0
-1,0
-1,0
-1,0
-1,0
-1,0
-1,0
-1,0
-1,0
-1,0
-1,0
-1,0
-1,0
-1,0
-1,0
-1,0
-1,0
-1,0
-1,0
-1,0
-1,0
-1,0
-1,0
-1,0
-1,0
779461,27
-1,0
-1,0
-1,0
-1,0
-1,0
-1,0
-1,0
-1,0
-1,0
-1,0
-1,0
-1,0
-1,0
-1,0
-1,0
-1,0
-1,0
1450743,36
-1,0
-1,0
-1,0
