-1,1044,30246130
-1,1,12
-1,1,0
-1,1,0
-1,10,1154
-1,1,12
-1,1,0
-1,1,7
692497,84,3193962
294821,90,5795189
630932,81,2358425
574348,82,2422137
1409083,68,631945
579232,80,1988443
739083,73,1031906
164749,94,8725381
1290103,56,196250
1601118,60,286986
359316,83,2950698
-1,1,0
1181151,62,341324
1277938,45,64794
-1,10,1316
1087929,59,256189
-1,-1
-1,-1
-1,-1
-1,-1
-1,-1
-1,-1
1707235,3
1229582,2
-1,-1
1479126,1
-1,-1
-1,-1
-1,-1
-1,-1
-1,-1
-1,-1
641252,15
-1,-1
-1,-1
-1,-1
-1,-1
-1,-1
-1,-1
-1,-1
-1,-1
-1,-1
-1,-1
-1,-1
-1,-1
-1,-1
-1,-1
-1,-1
-1,-1
-1,-1
-1,-1
-1,-1
-1,-1
-1,-1
-1,-1
-1,-1
-1,-1
-1,-1
-1,-1
-1,-1
-1,-1
-1,-1
-1,-1
-1,-1
-1,-1
-1,-1
-1,-1
-1,-1
-1,-1
-1,-1
-1,-1
-1,-1
-1,-1
-1,-1
-1,-1
-1,-1
-1,-1
-1,-1
505624,27
-1,-1
-1,-1
-1,-1
-1,-1
-1,-1
-1,-1
-1,-1
-1,-1
-1,-1
-1,-1
-1,-1
-1,-1
-1,-1
-1,-1
-1,-1
-1,-1
1177215,36
-1,-1
-1,-1
