1996519,1114,35823410
-1,1,-1
-1,1,-1
-1,1,-1
-1,1,-1
-1,1,-1
-1,1,-1
-1,1,-1
739489,84,3208760
256821,95,8771714
493244,87,4275976
593434,82,2477434
1510097,68,631945
626704,80,1993243
794682,73,1042356
191831,94,8741863
1369121,57,204630
1708858,60,286992
393156,84,2956030
-1,1,-1
1187395,66,540075
1374073,45,64794
1227303,63,370224
1166967,59,256189
-1,-1
-1,-1
-1,-1
-1,-1
-1,-1
-1,-1
1801889,3
1299222,2
-1,-1
1527640,1
-1,-1
-1,-1
-1,-1
-1,-1
-1,-1
-1,-1
738816,15
-1,-1
-1,-1
-1,-1
-1,-1
-1,-1
-1,-1
-1,-1
-1,-1
-1,-1
-1,-1
-1,-1
-1,-1
-1,-1
-1,-1
-1,-1
-1,-1
-1,-1
-1,-1
-1,-1
-1,-1
-1,-1
-1,-1
-1,-1
-1,-1
-1,-1
-1,-1
-1,-1
-1,-1
-1,-1
-1,-1
-1,-1
-1,-1
-1,-1
-1,-1
-1,-1
-1,-1
-1,-1
-1,-1
-1,-1
-1,-1
-1,-1
-1,-1
-1,-1
-1,-1
-1,-1
-1,-1
568410,27
-1,-1
-1,-1
-1,-1
-1,-1
-1,-1
-1,-1
-1,-1
-1,-1
-1,-1
-1,-1
-1,-1
-1,-1
-1,-1
-1,-1
-1,-1
-1,-1
-1,-1
1265077,36
-1,-1
-1,-1
