-1,1131,39266870
-1,1,12
-1,1,0
-1,1,0
-1,10,1154
-1,1,12
-1,1,13
-1,1,7
833737,84,3208760
314372,95,8949239
564899,87,4275976
476309,86,3949566
1735216,68,631945
736578,80,1993268
933269,73,1042356
222697,96,9711841
1565543,57,212464
1986782,60,286999
457691,84,3073521
-1,1,0
1389120,66,541867
1612055,45,64794
845490,73,1066887
1366389,59,256189
-1,1,0
-1,0
-1,0
-1,0
-1,0
-1,0
-1,0
-1,0
-1,3
1487571,2
-1,0
1662952,1
-1,0
-1,0
-1,0
-1,0
-1,2500
-1,0
957542,15
-1,0
-1,49
-1,0
-1,0
-1,0
-1,0
-1,0
-1,0
-1,0
-1,0
-1,0
-1,0
-1,0
-1,0
-1,0
-1,0
-1,0
-1,0
-1,0
-1,0
-1,0
-1,0
-1,0
-1,0
-1,0
-1,0
-1,0
-1,0
-1,0
-1,0
-1,0
-1,0
-1,0
-1,0
-1,0
-1,0
-1,0
-1,0
-1,0
-1,0
-1,0
-1,0
-1,0
-1,0
-1,0
-1,0
-1,0
-1,0
-1,0
749091,27
-1,0
-1,0
-1,0
-1,0
-1,0
-1,0
-1,0
-1,0
-1,0
-1,0
-1,0
-1,0
-1,0
-1,0
-1,0
-1,0
-1,0
1424262,36
-1,0
-1,0
-1,0
