-1,807,4825051
-1,1,24
-1,1,0
-1,1,0
-1,10,1157
-1,1,12
-1,30,13366
-1,56,202148
-1,49,94616
1307764,72,957064
1772161,61,328010
-1,53,138134
1846400,65,460549
-1,26,9610
1535056,64,407270
1018641,74,1180583
-1,1,0
-1,56,186984
1144578,69,700013
-1,11,1470
-1,12,1651
1510582,47,77473
1860696,45,64917
-1,1,0
-1,1,0
-1,0
-1,0
-1,0
-1,0
-1,0
-1,0
-1,0
-1,0
-1,0
-1,0
-1,0
-1,0
-1,0
-1,0
558321,500
-1,2500
-1,0
973245,10
-1,0
-1,21
-1,0
-1,0
-1,0
-1,0
-1,0
-1,0
-1,0
-1,0
-1,0
-1,0
-1,0
-1,0
-1,0
-1,0
-1,0
-1,0
-1,0
-1,0
-1,0
-1,0
-1,0
-1,0
-1,0
-1,0
-1,0
-1,0
-1,0
-1,0
-1,0
-1,0
-1,0
-1,0
-1,0
-1,0
-1,0
-1,0
-1,0
-1,0
-1,0
-1,0
-1,0
-1,0
-1,0
-1,0
-1,0
-1,0
877044,13
-1,0
-1,0
-1,0
-1,0
-1,0
-1,0
-1,0
-1,0
-1,0
-1,0
-1,0
-1,0
-1,0
-1,0
-1,0
-1,0
-1,0
1520745,23
-1,0
-1,0
-1,0
