375973,1929,109714917
681905,86,3695785
557147,88,4822362
577622,97,10790045
315345,99,18753526
284017,99,16518657
334084,82,2594276
196445,99,14913269
607398,85,3355479
833397,75,1232813
870429,73,1063277
451426,83,2793480
828709,79,1858652
525109,79,1829096
629904,74,1096288
343848,83,2896933
325110,83,2716805
421477,77,1563889
267608,86,3707404
421142,88,4704830
504321,84,3040452
153332,86,3919167
614627,72,914669
627087,72,933763
-1,-1
-1,-1
-1,-1
-1,-1
-1,-1
-1,-1
262421,187
43390,82
536067,8
445946,19
399865,39
118735,31
153673,8
-1,-1
-1,-1
-1,-1
72960,234
219713,10
-1,-1
80190,10
260790,196
151325,7
194532,9
98348,24
-1,-1
126990,95
-1,-1
175617,11
229132,10
213636,15
-1,-1
164919,37
68660,382
63961,526
78475,338
99642,25
34477,157
423528,5
124031,206
-1,-1
414119,15
205502,16
375715,53
385116,193
140569,31
237088,10
152226,1
-1,-1
-1,-1
-1,-1
205161,6
84243,50
114974,63
-1,-1
-1,-1
414379,7
60057,29
341100,43
82287,34
145750,29
-1,-1
-1,-1
56441,21
-1,-1
-1,-1
29829,122
70541,22
-1,-1
112847,9
-1,-1
77383,94
-1,-1
383743,72
812191,76
94736,91
269205,162
