454058,1930,110209330
777240,86,3726644
641088,88,4828582
666992,97,10852129
375587,99,18848502
334188,99,16686679
403378,82,2594536
252127,99,14934902
693300,85,3355479
960210,75,1233478
944930,74,1153637
516420,83,2793480
954177,79,1858652
626734,79,1829272
743199,74,1096288
448397,83,2913278
395188,83,2717042
517380,77,1566318
328573,86,3707404
490814,88,4704830
597190,84,3040599
184976,86,3919167
758028,72,914669
740532,72,933763
-1,-1
-1,-1
-1,-1
-1,-1
-1,-1
-1,-1
309202,187
61861,82
605142,8
499067,19
454173,39
143231,31
184618,8
-1,-1
-1,-1
-1,-1
109947,234
-1,-1
263433,10
-1,-1
-1,-1
-1,-1
124185,10
296866,196
182972,7
246077,9
154797,24
-1,-1
145150,97
-1,-1
211933,11
282590,10
254608,15
-1,-1
193968,37
77690,382
72454,526
88332,338
107837,25
60421,157
482969,5
147210,206
-1,-1
487860,15
245638,16
408583,53
443707,193
165729,31
278501,10
-1,-1
172022,1
-1,-1
-1,-1
-1,-1
237561,6
129300,50
143485,63
-1,-1
-1,-1
473709,7
-1,-1
93556,29
433456,43
100544,34
194704,29
-1,-1
-1,-1
-1,-1
71458,21
-1,-1
-1,-1
37181,122
100500,22
-1,-1
130883,9
-1,-1
89516,94
-1,-1
440171,72
934641,76
119528,91
306170,162
