348898,1927,108074072
647481,86,3668698
527528,88,4776435
559075,96,10333318
299663,99,18501355
268191,99,16373792
307030,82,2594276
180386,99,14796988
581829,85,3280929
785718,75,1227250
829707,73,1063227
426055,83,2793480
780454,79,1856585
486598,79,1802654
593041,73,1073638
303000,83,2801912
302324,83,2700085
392761,77,1561736
243390,86,3700743
398901,88,4684830
469380,84,3006819
156672,86,3628868
576955,72,914551
587110,72,931903
-1,-1
-1,-1
-1,-1
-1,-1
-1,-1
-1,-1
254132,180
37188,82
554719,7
467535,16
387682,38
113807,30
152697,7
-1,-1
-1,-1
-1,-1
82406,198
203082,10
-1,-1
59410,10
248031,195
138842,7
172917,9
71497,24
-1,-1
125582,87
-1,-1
157352,11
203105,10
196087,15
-1,-1
153884,37
65968,382
61910,523
76505,333
95988,25
19840,149
386303,5
114139,206
-1,-1
386721,15
188124,16
362346,53
364258,193
130786,31
218284,10
147714,1
-1,-1
-1,-1
-1,-1
192902,6
68464,50
104816,63
-1,-1
395368,7
44036,29
304717,43
73916,34
124929,29
-1,-1
-1,-1
52864,18
-1,-1
-1,-1
25835,122
58103,19
-1,-1
107044,9
-1,-1
71477,94
-1,-1
364570,72
765115,76
88671,91
259280,156
