503153,1931,111173659
846852,86,3793117
696241,89,4913075
728896,97,11058656
412870,99,19098754
363937,99,16974956
450508,82,2594536
289288,99,15000820
746314,85,3355479
1041494,75,1233478
1013056,74,1153637
557356,83,2793480
1036999,79,1858652
689739,79,1829272
812924,74,1096288
509792,83,2914298
436117,83,2717042
576113,77,1567637
367230,86,3707404
534154,88,4704830
657957,84,3040599
211756,86,3919167
847670,72,914669
812914,72,933813
-1,-1
-1,-1
-1,-1
-1,-1
-1,-1
-1,-1
340631,187
78171,82
650887,8
533702,19
487257,39
160969,31
204406,8
-1,-1
-1,-1
-1,-1
143740,234
110952,4516
-1,-1
300847,10
-1,-1
-1,-1
-1,-1
145841,10
320527,196
203375,7
271439,9
183008,24
-1,-1
152804,97
-1,-1
231055,11
310735,10
274520,15
-1,-1
211887,37
82948,382
77932,526
94050,338
127825,25
-1,-1
81437,157
509829,5
160073,206
-1,-1
535157,15
270538,16
427460,53
478092,193
178355,31
305445,10
-1,-1
188587,1
-1,-1
-1,-1
-1,-1
260713,6
155223,50
168549,63
-1,-1
-1,-1
512695,7
-1,-1
110700,29
507843,43
109311,34
222465,29
-1,-1
-1,-1
-1,-1
-1,-1
74646,33
-1,-1
-1,-1
40017,124
122406,23
-1,-1
141090,9
-1,-1
95508,94
-1,-1
478666,72
1007157,76
84527,17
132842,91
334193,162
