417323,1929,109973765
732867,86,3695785
600869,88,4822362
621471,97,10835755
346248,99,18816161
308463,99,16658856
372132,82,2594536
226411,99,14918030
651402,85,3355479
899082,75,1232938
926677,73,1063437
484899,83,2793480
893593,79,1858652
578444,79,1829272
688686,74,1096288
398792,83,2900153
361385,83,2716805
470155,77,1565491
299657,86,3707404
455229,88,4704830
553187,84,3040452
169409,86,3919167
692385,72,914669
685800,72,933763
-1,-1
-1,-1
-1,-1
-1,-1
-1,-1
-1,-1
286632,187
52710,82
572337,8
474462,19
427989,39
130738,31
169762,8
-1,-1
-1,-1
-1,-1
91164,234
-1,-1
240584,10
-1,-1
105461,10
280316,196
167108,7
223444,9
130742,24
-1,-1
138021,95
-1,-1
196473,11
259370,10
237819,15
-1,-1
180452,37
73488,382
68534,526
83747,338
104017,25
49784,157
458979,5
136924,206
-1,-1
452337,15
227332,16
392781,53
414735,193
154698,31
258345,10
-1,-1
161842,1
-1,-1
-1,-1
-1,-1
221113,6
109189,50
127741,63
-1,-1
-1,-1
442380,7
-1,-1
78994,29
389655,43
92493,34
173231,29
-1,-1
-1,-1
64668,21
-1,-1
-1,-1
34245,122
88802,22
-1,-1
122144,9
-1,-1
84898,94
-1,-1
411416,72
875377,76
107339,91
287018,162
