346880,2011,137078360
488546,95,9398414
432567,95,8994126
712305,96,10379427
398839,99,18682891
345979,99,16841189
638458,77,1612111
524588,97,11028853
559338,90,5776323
352731,90,5395691
726883,80,2081240
442245,85,3580632
596634,88,4499779
435496,85,3353535
419624,83,2842723
286559,90,5463358
422630,82,2655018
275177,85,3306009
373825,85,3265335
334737,94,8023796
497921,88,4752510
607770,68,638589
347174,83,2915207
671911,77,1591604
-1,-1
-1,-1
-1,-1
-1,-1
-1,-1
-1,-1
454700,114
192095,27
185691,38
439184,25
590067,23
681290,1
-1,-1
-1,-1
-1,-1
-1,-1
419528,62
-1,-1
-1,-1
181378,79
-1,-1
-1,-1
-1,-1
-1,-1
121474,453
-1,-1
-1,-1
23905,480
279516,57
291298,10
-1,-1
-1,-1
-1,-1
245917,22
-1,-1
116931,62
326526,34
314120,121
321593,35
51588,44
-1,-1
279045,85
110215,342
109881,170
326205,33
-1,-1
532937,27
183432,1544
259381,6
256384,18
-1,-1
-1,-1
187689,7
-1,-1
-1,-1
-1,-1
-1,-1
178291,51
-1,-1
-1,-1
298911,19
-1,-1
81414,60
345137,65
89317,40
90928,302
140485,10
-1,-1
-1,-1
-1,-1
-1,-1
-1,-1
213740,158
18470,175
135850,9
-1,-1
135464,9
-1,-1
-1,-1
184275,13
427567,96
626853,165
295112,5
343317,123
