357978,2068,146550788
538252,96,10428980
485578,95,9566014
773084,98,11932906
410727,99,20502668
370928,99,17816795
744718,77,1618474
573238,98,11960761
620401,90,5785533
398385,90,5836905
812563,80,2081933
497593,85,3582743
680879,88,4504103
500442,85,3383434
489880,83,2864377
299287,92,6744709
472471,83,2743636
317750,85,3324781
424723,85,3346300
376741,94,8221872
577594,88,4830536
711039,68,638589
391394,84,3007615
766504,78,1737197
380672,48,89927
-1,0
-1,0
-1,0
-1,0
-1,0
-1,0
-1,0
506347,117
244543,27
220942,38
471378,27
639351,24
752779,1
-1,0
-1,113
-1,2465
-1,0
535013,62
-1,0
-1,315
229204,79
-1,0
-1,0
-1,0
-1,0
132737,453
-1,0
-1,1
30225,483
322386,57
307153,12
-1,0
-1,1
119395,53
267463,22
-1,0
132270,62
359945,34
358214,121
352786,35
80023,44
-1,0
-1,0
298715,85
121052,342
137350,170
378583,33
-1,4
574596,27
174414,1738
282039,6
291145,18
-1,0
-1,0
211062,7
-1,0
-1,0
-1,1
-1,0
209480,53
-1,1
235804,56
-1,0
330993,19
-1,0
95973,64
443832,65
100144,40
109046,307
263269,10
-1,1
-1,0
-1,0
-1,0
-1,0
204924,237
16074,193
162836,14
-1,0
149386,9
-1,1
-1,0
215726,13
441941,117
695574,165
79156,115
345351,5
359786,159
