336802,2060,141820209
522778,96,10240290
469544,95,9482191
778365,97,10921642
421562,99,19544282
369664,99,17397701
715958,77,1613658
581134,97,11123285
604702,90,5776608
404438,90,5396679
790118,80,2081933
483229,85,3581833
660965,88,4504103
482260,85,3380144
471889,83,2844226
288407,92,6678989
468637,82,2666061
310579,85,3307293
420550,85,3265335
371029,94,8046807
559317,88,4752911
688035,68,638589
389210,83,2915207
749057,77,1597326
225691,45,63116
-1,0
-1,0
-1,0
-1,0
-1,0
-1,0
-1,0
494360,116
231476,27
212120,38
466443,26
626664,24
735683,1
-1,0
-1,113
-1,2465
-1,0
508896,62
-1,0
-1,305
218438,79
-1,0
-1,0
-1,0
-1,0
130211,453
-1,0
-1,1
28766,480
311229,57
303888,11
-1,0
-1,1
-1,3
262048,22
-1,0
128214,62
351211,34
347646,121
344677,35
74380,44
-1,0
-1,0
293140,85
118309,342
129460,170
365029,33
-1,4
563183,27
195626,1544
276133,6
282361,18
-1,0
-1,0
204047,7
-1,0
-1,0
-1,1
-1,0
204675,51
-1,1
-1,3
-1,0
323026,19
-1,0
93482,60
422162,65
97514,40
104954,303
232561,10
-1,0
-1,0
-1,0
-1,0
-1,0
232003,158
16340,190
161988,11
-1,0
145867,9
-1,0
-1,0
206733,13
464782,96
680326,165
-1,0
331718,5
374509,123
