373424,2012,138833040
518809,95,9678444
464168,95,8994126
767287,96,10380861
422156,99,18970691
359742,99,17276689
689071,77,1612881
562772,97,11108398
588495,90,5776608
381226,90,5396571
767058,80,2081240
466719,85,3580832
639587,88,4499879
467563,85,3353780
451892,83,2843226
290241,91,6121583
451775,82,2662330
298435,85,3307179
403253,85,3265335
358992,94,8023796
534636,88,4752911
660881,68,638589
375741,83,2915207
720094,77,1591884
-1,-1
-1,-1
-1,-1
-1,-1
-1,-1
-1,-1
480344,115
217051,27
202478,38
453116,26
616585,23
715917,1
-1,-1
-1,-1
-1,-1
-1,-1
479071,62
-1,-1
-1,-1
207188,79
-1,-1
-1,-1
-1,-1
-1,-1
127908,453
-1,-1
-1,-1
26835,480
299849,57
296356,11
-1,-1
-1,-1
-1,-1
256691,22
-1,-1
124234,62
342336,34
334724,121
336385,35
67204,44
-1,-1
-1,-1
287680,85
115500,342
121361,170
348801,33
-1,-1
552269,27
191384,1544
270389,6
273094,18
-1,-1
-1,-1
198008,7
-1,-1
-1,-1
-1,-1
-1,-1
195785,51
-1,-1
-1,-1
314833,19
-1,-1
88815,60
389127,65
94128,40
98835,303
200759,10
-1,-1
-1,-1
-1,-1
-1,-1
-1,-1
225619,158
16374,188
156075,9
-1,-1
142217,9
-1,-1
-1,-1
197686,13
451719,96
662851,165
-1,-1
317647,5
363086,123
