325989,2011,136704489
466295,95,9362708
412250,95,8983099
680175,96,10368419
378757,99,18619986
328147,99,16805986
605061,77,1612111
500249,97,10980242
537813,90,5765234
334143,90,5364051
702853,80,2081240
426166,85,3541226
570519,88,4499779
412731,85,3353535
396879,83,2842723
265013,90,5462768
400760,82,2655018
258084,85,3306009
355095,85,3265335
317109,94,7989491
471554,88,4752510
574856,68,638589
331808,83,2862846
639046,77,1591584
-1,-1
-1,-1
-1,-1
-1,-1
-1,-1
-1,-1
435010,114
178026,27
173955,38
423763,25
569328,23
658570,1
-1,-1
-1,-1
-1,-1
-1,-1
380670,62
-1,-1
169911,79
-1,-1
-1,-1
-1,-1
-1,-1
116781,453
-1,-1
-1,-1
20840,480
264813,57
281307,10
-1,-1
-1,-1
-1,-1
234840,22
-1,-1
110717,62
314532,34
300064,121
310373,35
50651,44
-1,-1
270224,85
104119,342
103902,170
308571,33
-1,-1
518312,27
186550,1462
249625,6
242563,18
-1,-1
-1,-1
176411,7
-1,-1
-1,-1
-1,-1
-1,-1
163883,51
-1,-1
-1,-1
286881,19
-1,-1
72566,60
321230,65
85229,40
83670,302
105366,10
-1,-1
-1,-1
-1,-1
-1,-1
203989,158
17627,174
122552,9
-1,-1
129642,9
-1,-1
-1,-1
173029,13
407421,96
601475,165
276760,5
329931,117
