330375,1947,101666643
610093,88,4445713
605122,86,3603803
736972,92,6647515
786829,91,6317434
997826,84,3238961
468312,78,1668984
896284,85,3482135
32578,99,18477968
601033,79,1807768
153739,99,13043263
257194,90,5706145
664687,82,2501969
560299,76,1444145
335458,82,2587985
334504,83,2675871
489430,76,1441060
143227,87,4099016
157857,92,7056188
509655,85,3275167
559649,80,2147147
381079,72,901431
188413,86,3842378
547700,75,1254597
-1,-1
-1,-1
-1,-1
-1,-1
-1,-1
-1,-1
262530,177
91690,37
100638,51
275171,38
377269,41
284895,8
272336,2
236068,507
-1,-1
160176,211
400105,23
-1,-1
-1,-1
-1,-1
610434,38
146377,7
46536,174
8655,462
-1,-1
224685,10
-1,-1
163491,11
153365,25
-1,-1
-1,-1
-1,-1
-1,-1
422187,20
-1,-1
60525,25
-1,-1
-1,-1
149147,137
234821,15
495968,8
-1,-1
172900,179
-1,-1
-1,-1
-1,-1
104976,1
-1,-1
-1,-1
-1,-1
112137,11
-1,-1
188461,26
-1,-1
404559,7
-1,-1
277317,52
-1,-1
-1,-1
-1,-1
-1,-1
-1,-1
-1,-1
-1,-1
139283,12
-1,-1
-1,-1
-1,-1
-1,-1
-1,-1
21448,206
344364,95
583070,132
25452,325
-1,-1
