319425,1945,101353896
594324,88,4430882
590884,85,3588972
719044,92,6632684
767704,91,6299925
973381,84,3235469
447315,78,1668969
868998,85,3478910
30807,99,18451368
582845,79,1805279
148329,99,13043263
247822,90,5706145
650851,82,2454620
535852,76,1444145
320847,82,2587985
310699,83,2675871
491122,75,1273785
136541,87,4099016
151121,92,7056188
496626,85,3275167
539660,80,2147147
364191,72,901431
180567,86,3842378
529043,75,1254297
-1,-1
-1,-1
-1,-1
-1,-1
-1,-1
254568,177
86450,37
96664,51
267890,38
369090,41
277340,8
267111,2
218897,507
-1,-1
154872,211
366092,23
-1,-1
-1,-1
-1,-1
595381,38
140855,7
43262,174
6221,462
-1,-1
214581,10
-1,-1
153623,11
146715,25
-1,-1
-1,-1
-1,-1
-1,-1
407942,20
-1,-1
58421,25
-1,-1
-1,-1
145867,133
224082,15
480411,8
-1,-1
169279,179
-1,-1
-1,-1
-1,-1
100604,1
-1,-1
-1,-1
-1,-1
109216,11
-1,-1
178584,26
-1,-1
395435,7
-1,-1
261401,52
-1,-1
-1,-1
-1,-1
-1,-1
-1,-1
-1,-1
-1,-1
124950,12
-1,-1
-1,-1
-1,-1
-1,-1
-1,-1
18837,206
349681,81
570503,130
24470,325
-1,-1
