413274,1949,102962086
715659,88,4445713
708074,86,3603803
860302,92,6647731
914373,91,6317506
1137388,84,3238961
583632,78,1669319
1051271,85,3498385
36606,99,19442478
717991,79,1829402
187309,99,13043263
308234,90,5706145
786662,82,2501969
688681,76,1444145
409204,83,2687523
451525,83,2748532
594691,76,1442218
192810,87,4116870
203835,92,7077853
595996,85,3275167
667984,81,2226136
471254,72,901911
250853,86,3842459
666048,75,1254597
-1,-1
-1,-1
-1,-1
-1,-1
-1,-1
-1,-1
316956,177
130368,37
131371,51
320329,38
436090,41
337689,8
318834,2
333222,507
-1,-1
196879,211
588306,23
-1,-1
-1,-1
-1,-1
-1,-1
-1,-1
-1,-1
701551,38
182221,7
74880,174
21129,462
-1,-1
274221,10
-1,-1
208284,11
190322,25
-1,-1
-1,-1
-1,-1
-1,-1
506542,20
-1,-1
71181,25
-1,-1
-1,-1
182969,137
296195,15
595888,8
-1,-1
193299,179
-1,-1
-1,-1
-1,-1
-1,-1
134300,1
-1,-1
-1,-1
-1,-1
133186,11
-1,-1
240312,26
-1,-1
-1,-1
468346,7
-1,-1
-1,-1
372218,52
-1,-1
-1,-1
-1,-1
-1,-1
-1,-1
-1,-1
-1,-1
-1,-1
198095,12
-1,-1
-1,-1
-1,-1
-1,-1
-1,-1
34776,206
403493,95
690780,132
34706,329
-1,-1
