332451,1947,101669133
612131,88,4445713
607038,86,3603803
739365,92,6647515
789099,91,6317434
1000543,84,3238961
471258,78,1668984
899703,85,3482135
32736,99,18477968
603647,79,1807768
154339,99,13043263
258109,90,5706145
667384,82,2501969
563324,76,1444145
337278,82,2587985
338642,83,2678361
491760,76,1441060
144110,87,4099016
158506,92,7056188
511605,85,3275167
562474,80,2147147
382562,72,901431
189604,86,3842378
550406,75,1254597
-1,-1
-1,-1
-1,-1
-1,-1
-1,-1
-1,-1
263755,177
92538,37
101341,51
276333,38
378487,41
286182,8
273245,2
238388,507
-1,-1
160987,211
404228,23
-1,-1
-1,-1
-1,-1
612530,38
147384,7
47473,174
9082,462
-1,-1
226015,10
-1,-1
164936,11
154419,25
-1,-1
-1,-1
-1,-1
-1,-1
424391,20
-1,-1
60843,25
-1,-1
-1,-1
150027,137
236452,15
498420,8
-1,-1
173476,179
-1,-1
-1,-1
-1,-1
105625,1
-1,-1
-1,-1
-1,-1
112651,11
-1,-1
190078,26
-1,-1
405941,7
-1,-1
279529,52
-1,-1
-1,-1
-1,-1
-1,-1
-1,-1
-1,-1
-1,-1
141272,12
-1,-1
-1,-1
-1,-1
-1,-1
-1,-1
22023,206
345760,95
585544,132
25624,325
-1,-1
