451554,1949,102962086
765502,88,4445713
756397,86,3603803
920867,92,6647731
975653,91,6317506
1206006,84,3238961
635489,78,1669319
1122769,85,3498385
40888,99,19442478
772676,79,1829402
200101,99,13043263
332316,90,5706145
839746,82,2501969
742203,76,1444145
447208,83,2687523
502873,83,2748532
640282,76,1442218
214689,87,4116870
223117,92,7077853
635990,85,3275167
720021,81,2226136
517406,72,901911
277741,86,3842459
719647,75,1254597
-1,-1
-1,-1
-1,-1
-1,-1
-1,-1
-1,-1
340755,177
147412,37
145624,51
339038,38
461763,41
361598,8
338975,2
366360,507
-1,-1
216623,211
673774,23
-1,-1
-1,-1
-1,-1
-1,-1
-1,-1
-1,-1
-1,-1
741607,38
196473,7
84858,174
25762,462
-1,-1
289740,10
-1,-1
224197,11
204518,25
-1,-1
-1,-1
-1,-1
-1,-1
544009,20
-1,-1
75198,25
-1,-1
-1,-1
197064,137
320627,15
640819,8
-1,-1
201369,179
-1,-1
-1,-1
-1,-1
-1,-1
147154,1
-1,-1
-1,-1
-1,-1
143881,11
-1,-1
266559,26
-1,-1
-1,-1
499205,7
-1,-1
-1,-1
415393,52
-1,-1
-1,-1
-1,-1
-1,-1
-1,-1
-1,-1
-1,-1
-1,-1
-1,-1
220873,12
-1,-1
-1,-1
-1,-1
-1,-1
-1,-1
38551,206
433775,95
735053,132
-1,-1
39288,329
-1,-1
