397636,1948,102828092
693916,88,4445713
686942,86,3603803
834310,92,6647515
888296,91,6317434
1110668,84,3238961
562511,78,1669319
1025050,85,3482135
34868,99,19442478
695223,79,1829402
181100,99,13043263
298435,90,5706145
759717,82,2501969
664539,76,1444145
401249,82,2636734
436998,83,2682736
572542,76,1442218
181335,87,4115999
194326,92,7077853
577633,85,3275167
645176,81,2226136
452347,72,901911
239040,86,3842459
642662,75,1254597
-1,-1
-1,-1
-1,-1
-1,-1
-1,-1
-1,-1
305655,177
122031,37
124443,51
311758,38
423822,41
326653,8
309304,2
315531,507
-1,-1
187546,211
552182,23
-1,-1
-1,-1
-1,-1
-1,-1
-1,-1
683793,38
174644,7
69847,174
18991,462
-1,-1
265117,10
-1,-1
201109,11
183735,25
-1,-1
-1,-1
-1,-1
-1,-1
490236,20
-1,-1
69234,25
-1,-1
-1,-1
177011,137
285526,15
575994,8
-1,-1
189324,179
-1,-1
-1,-1
-1,-1
-1,-1
128203,1
-1,-1
-1,-1
-1,-1
128537,11
-1,-1
229290,26
-1,-1
-1,-1
453731,7
-1,-1
-1,-1
354191,52
-1,-1
-1,-1
-1,-1
-1,-1
-1,-1
-1,-1
-1,-1
188083,12
-1,-1
-1,-1
-1,-1
-1,-1
-1,-1
32814,206
391191,95
666921,132
32418,329
-1,-1
