107817,2282,332784194
204607,99,16090683
175857,99,15432765
218062,99,21691300
139262,99,40356950
83649,99,52107756
318843,90,5473919
203134,99,18986552
95056,99,15320972
169223,99,13225515
263849,99,13037238
256484,94,8052538
463599,95,9681924
262447,96,10580768
299203,88,4577951
209639,97,11409851
181177,96,10117111
236366,88,4621457
228961,95,9127969
149497,99,14733384
100959,99,17628763
226803,87,4190293
185622,94,8165352
249436,87,4205232
168401,86,3967951
-1,0
-1,0
-1,0
-1,0
-1,0
-1,0
-1,0
63488,969
43206,214
36556,272
115678,177
152357,182
63510,84
88270,40
10052,4321
-1,2154
65088,1670
97783,327
90591,30074
23586,830
202961,156
91353,940
110044,50
167293,179
67566,169
123000,489
62568,789
28779,61
109498,150
60270,283
183634,450
80407,303
-1,1
18832,308
22533,288
98929,218
98520,79
10435,439
72932,461
91244,502
127239,267
180899,25
-1,0
61930,454
51471,828
87075,552
99387,268
213197,63
55091,282
53938,665
66621,3170
70892,270
75950,233
253396,65
105831,3
52637,525
50617,59
42079,37
56639,29
31552,460
52514,451
21241,331
116035,137
115090,38
236367,28
-1,2
89213,90
24089,579
74129,52
61896,493
17442,341
46032,167
222686,101
87585,15
85656,36
-1,0
116778,657
10432,229
162628,21
-1,0
50319,21
103225,142
225628,14
28796,335
260983,356
362832,423
147987,10
3403,1915
141141,966
