133827,2186,303509463
238226,99,14595114
215790,99,14093045
218491,99,19014089
135225,99,36777057
80707,99,46970635
300129,89,5195688
178692,99,18282938
82924,99,15305058
243772,97,11422178
277881,98,12083293
231552,93,7804793
409370,95,9676784
234384,96,10164179
279629,87,4278506
175847,97,11027912
164639,95,8912047
209185,88,4471892
214895,94,8064102
219828,98,12268263
88543,99,17277997
204602,87,4021552
166013,93,7775405
215043,87,4026936
-1,-1
-1,-1
-1,-1
-1,-1
-1,-1
-1,-1
54759,914
29015,214
30192,261
105935,167
162844,156
55584,79
80637,37
9228,4321
-1,-1
62119,1670
81855,316
61855,30074
18707,762
175557,123
80685,940
65725,50
118901,159
76939,85
114068,488
23626,61
97111,150
61325,210
198781,288
74013,303
-1,-1
35487,166
18803,288
115911,150
104969,66
8594,435
80481,392
99923,435
148810,199
140609,25
-1,-1
43257,441
47491,828
78652,549
192963,82
188150,61
50099,282
93968,393
60756,3170
64074,265
64430,233
150420,65
88714,3
50124,478
54252,49
38415,27
49047,29
26670,434
43687,383
18614,328
95927,136
261439,23
-1,-1
77742,78
19749,568
66145,52
51983,486
9056,341
39073,130
142859,73
69324,13
73722,34
-1,-1
104811,657
9636,227
127334,19
-1,-1
134396,10
79671,135
206878,14
24870,335
243500,338
330571,423
86596,10
3271,1710
138836,891
