116036,2278,320062298
234073,99,15107880
181392,99,15102942
235349,99,19764543
142853,99,38416841
85821,99,49490301
317774,90,5385750
196867,99,18696794
91042,99,15314905
191777,99,13110403
275146,99,13034800
252674,93,7812971
448743,95,9681834
255814,96,10287395
292832,88,4501510
197333,97,11404933
177643,95,9565047
228895,88,4558477
233130,94,8216822
209286,99,13135272
96548,99,17519704
217015,87,4177443
178199,94,8085715
239667,87,4149234
138000,85,3540782
-1,0
-1,0
-1,0
-1,0
-1,0
-1,0
-1,0
61275,945
37837,214
34479,267
111185,177
167477,164
59440,84
85893,39
9675,4321
-1,2154
63698,1670
91143,327
81554,30074
22828,804
194392,145
87572,940
96323,50
154262,163
63584,166
119620,489
29028,61
107335,150
70404,217
184388,408
78307,303
-1,1
23071,261
21353,288
95683,218
97277,79
9772,438
74774,441
93621,483
132864,247
170115,25
-1,0
54851,449
50089,828
84038,549
224030,82
206387,62
53467,282
73349,508
64796,3170
69252,265
72273,233
222349,65
100176,3
50547,525
49863,58
39110,36
54081,29
30227,448
52610,384
20406,328
113623,137
69091,38
280003,23
-1,2
88763,78
23548,569
71670,52
58780,490
14552,341
44029,146
196371,101
81825,13
81765,34
-1,0
112877,657
10152,228
151414,19
-1,0
116585,12
94415,142
219566,14
28237,335
252136,356
355354,423
127609,10
3266,1909
142560,925
