129039,2129,212248374
327961,98,12993075
478624,90,5560056
262107,99,14394195
203290,99,23888197
131886,99,26719848
236997,87,4127462
259386,99,13581298
139389,99,13314808
189333,94,8329402
257040,94,8045402
213016,91,6375215
351091,92,6993178
209036,92,7040846
223501,86,3864902
135178,93,7538600
138217,91,6367609
178638,85,3503144
165814,92,6868296
245998,94,8333156
123070,99,13936965
188629,84,3044539
184937,87,4036982
176367,85,3391199
-1,-1
-1,-1
-1,-1
-1,-1
-1,-1
-1,-1
51311,713
18061,170
22171,222
111906,122
168117,121
54364,59
90027,19
9588,3350
-1,-1
50419,1387
43816,293
143861,78
-1,-1
-1,-1
104200,438
90478,12
163110,16
47821,89
169164,197
71711,243
-1,-1
38137,125
59907,74
181862,28
129144,31
27915,153
93820,273
98526,367
160888,130
115031,25
20926,271
54257,620
63187,491
175121,53
142008,58
81196,158
146420,219
100825,2073
150612,21
70035,146
62692,3
40021,372
60570,25
-1,-1
213048,6
19536,269
26969,312
91448,36
232687,20
46936,45
14435,492
50778,51
36510,424
24771,27
29124,11
52101,26
-1,-1
95522,532
9090,202
79966,9
-1,-1
160686,6
35709,78
176467,9
24869,191
217749,281
283393,352
9761,642
157808,573
