119158,2168,260257899
300024,99,13200207
340086,97,11511547
267501,99,14963678
153534,99,30081347
97161,99,36190631
257719,89,4891611
185819,99,16086294
99633,99,14068607
197706,97,11108714
262508,96,9718181
217540,92,6958546
368491,94,8429076
202728,95,9449887
240140,87,4107091
144829,95,9621712
145139,93,7579056
186043,87,3972638
181412,93,7659393
219043,96,10122050
84147,99,16317296
171896,86,3868066
146882,92,6742865
199463,86,3609406
-1,-1
-1,-1
-1,-1
-1,-1
-1,-1
-1,-1
50783,806
24501,170
23770,249
106029,144
159791,139
48601,72
72303,32
8226,4203
-1,-1
59243,1387
53751,312
39330,9587
157952,78
96705,647
75310,39
102967,478
37551,33
168695,28
44285,199
188757,205
69256,291
-1,-1
31019,166
15798,282
150743,70
116491,50
6648,435
95496,296
101000,391
159408,154
120884,25
27208,426
48996,747
68247,536
173033,72
159788,60
90843,161
85172,393
68353,2793
167302,24
60728,197
61390,50
71764,3
45231,436
54289,39
-1,-1
234752,6
20745,375
28232,356
26052,203
59923,134
226909,23
-1,-1
65188,54
17238,519
57427,52
42253,472
31674,77
48506,11
62357,26
-1,-1
100800,585
8319,224
99288,15
-1,-1
175847,6
49866,131
183805,14
26649,251
217447,324
291360,406
3062,1515
135521,793
