128355,2180,294092374
254904,99,14005321
211978,99,13923661
207121,99,18448090
130570,99,35462884
80127,99,44626645
282570,89,5043022
165415,99,17935728
76880,99,15298455
225962,97,11344378
271751,97,11011786
221915,93,7667252
391007,95,9234564
221706,96,10022450
262513,87,4264198
161617,97,10944676
157275,94,8487443
203982,87,4190813
201114,94,8007654
215376,97,11618170
84042,99,17143838
190621,86,3972089
155801,93,7558756
205870,86,3880501
-1,-1
-1,-1
-1,-1
-1,-1
-1,-1
-1,-1
50986,893
24775,214
27415,257
100694,165
163883,148
56053,73
75598,36
8736,4321
-1,-1
55940,1670
67506,316
48928,30074
15083,735
177872,78
88611,808
53667,38
91841,159
93480,39
109090,485
21285,61
89539,150
55260,208
186004,288
72296,303
-1,-1
33943,166
17971,282
110262,150
102579,65
7869,435
87545,349
109211,392
169911,156
125640,25
35695,431
49721,785
74933,547
191917,72
176451,61
48201,282
90874,393
58031,3170
60767,265
60552,230
108880,65
82087,3
48164,478
52615,49
36267,22
45561,29
24439,419
39441,356
17700,328
79080,136
248708,23
-1,-1
74478,70
17849,567
63294,52
48421,483
6333,314
33740,129
82093,73
61508,12
71229,29
-1,-1
100129,657
9053,227
112097,19
-1,-1
139029,9
66881,133
198774,14
23347,335
231413,338
314053,421
2942,1710
140011,836
