128411,2185,297425493
249227,99,14225752
215685,99,13974526
211646,99,18723997
133676,99,35935635
81517,99,45228889
290656,89,5043838
170008,99,18174768
79682,99,15299568
233076,97,11344498
274676,97,11210420
226827,93,7699512
399524,95,9245499
227098,96,10081163
269899,87,4264766
167256,97,10996765
158132,95,8904703
203877,88,4389204
206463,94,8007701
218662,98,11850898
85229,99,17264396
195288,87,3990568
160727,93,7588268
210031,87,3980159
-1,-1
-1,-1
-1,-1
-1,-1
-1,-1
-1,-1
52886,895
26158,214
28378,259
102826,165
167581,148
58164,73
78036,36
8966,4321
-1,-1
58933,1670
72905,316
54868,30074
17192,741
186737,78
88636,826
61738,38
104160,159
97446,39
110440,488
21966,61
92724,150
58269,208
190855,288
73059,303
-1,-1
34598,166
18500,282
112688,150
103069,66
8155,435
78735,392
97466,435
145755,199
126671,25
37841,436
46719,828
76805,547
189205,78
181313,61
49006,282
92094,393
59213,3170
62251,265
61834,233
125944,65
84787,3
49127,478
53436,49
37625,22
46786,29
26003,419
42324,356
18100,328
84992,136
254211,23
-1,-1
78143,70
18555,567
64490,52
49737,486
6840,324
36098,129
109768,73
65251,12
71538,34
-1,-1
102156,657
9344,227
117040,19
-1,-1
141396,9
72655,133
202185,14
24127,335
236800,338
320927,421
70249,10
3139,1710
135367,891
