60956,2274,502766358
214936,99,14722564
80353,99,18058267
19396,99,74112911
30925,99,69456213
38337,99,64993718
26480,99,13613070
43833,99,30101006
197086,99,13217380
176586,99,13050036
258815,98,12997497
142375,99,13035859
356050,98,12352472
55646,99,14197258
118738,99,13034796
57444,99,13977775
129511,98,13010311
83376,99,13047389
107002,99,13304222
90238,99,15756890
113255,99,15403000
81275,99,13038182
109667,99,13036124
3468,99,15249418
-1,-1
-1,-1
-1,-1
-1,-1
-1,-1
-1,-1
390845,139
-1,-1
1108030,2
939769,4
424899,45
528002,2
31216,86
566624,500
-1,-1
161228,360
157974,197
31376,35241
-1,-1
122751,204
105643,639
74959,20
31440,665
-1,-1
452731,109
251720,5
48186,351
165337,22
229636,153
73756,292
19383,155
51586,109
175629,28
135872,103
75887,104
285966,25
106987,281
174176,254
114752,259
40770,50
29371,517
165601,231
266462,69
65499,284
277285,39
101852,154
135290,270
94710,2454
76915,185
120615,103
132138,42
29019,8
32712,775
40100,72
29804,38
285095,5
99955,92
54335,232
146276,25
172295,50
170564,31
-1,-1
-1,-1
82077,217
170236,19
56975,426
58479,45
36782,98
84500,37
38656,61
9126,790
4477,290
180654,233
24760,152
18006,313
17678,3
44150,20
36010,539
122431,52
-1,-1
15113,2845
526473,204
65850,196
152723,744
