80752,2278,536693030
236411,99,14890156
85034,99,18693646
21481,99,83804908
34222,99,75688840
43764,99,68960942
30253,99,13669654
46452,99,33798453
221053,99,13230208
203353,99,13063686
203147,99,13059658
164273,99,13036239
393437,99,13034624
21086,99,15635169
132234,99,13039189
19504,99,19903656
78915,99,13221685
82959,99,13105350
113389,99,13443336
97442,99,16610612
133130,99,15416965
82277,99,13065230
127478,99,13038046
4460,99,15282778
-1,1,0
-1,0
-1,0
-1,0
-1,0
-1,0
-1,0
-1,0
434237,143
-1,0
1213882,2
1030486,4
467797,45
593169,2
36215,90
614580,500
-1,2500
178134,360
217148,197
36401,38105
-1,481
159658,204
118413,639
46318,89
46978,841
-1,2
497750,111
292469,5
58035,351
45216,325
265989,153
75441,308
20229,181
24414,243
196288,28
112516,166
76298,113
326686,25
116638,282
195909,254
124431,260
61434,50
-1,4
44358,519
178452,231
231524,112
50475,434
320961,39
115078,154
138886,283
81091,2808
85891,185
23984,519
247058,43
35979,8
34577,812
40844,76
34966,46
323400,5
126100,94
53163,350
162347,25
113965,132
-1,0
190291,31
-1,3
-1,0
103900,217
196230,19
68646,428
72729,86
44490,120
243320,43
51334,64
10430,813
4770,324
132901,510
27491,152
22220,319
20600,3
49239,20
51272,552
132088,52
-1,1
16242,2895
589127,204
33749,341
62431,242
168474,744
