62357,2274,510799668
214761,99,14795949
78471,99,18272816
19432,99,75651953
30690,99,70570928
37962,99,66087762
26998,99,13614010
44069,99,30408468
199550,99,13217380
177228,99,13053389
261176,98,12997497
144071,99,13035899
360562,98,12353120
31068,99,14905978
113001,99,13037846
24879,99,16902234
131678,98,13025355
84831,99,13047389
108222,99,13308255
92614,99,15756890
114836,99,15410457
81043,99,13039591
110772,99,13036494
3571,99,15270008
-1,-1
-1,-1
-1,-1
-1,-1
-1,-1
-1,-1
393743,140
-1,-1
1115628,2
946496,4
428988,45
533414,2
31616,87
570339,500
-1,-1
163534,360
163328,197
25705,38105
-1,-1
124554,204
106997,639
82955,20
35149,665
-1,-1
456827,109
254498,5
49207,351
169503,22
233050,153
71480,307
19273,160
52153,109
177547,28
137653,103
76347,104
289618,25
108020,281
176143,254
115823,259
40933,50
30599,517
167195,231
212636,112
66509,284
281046,39
103109,154
136289,270
95665,2454
77934,185
122896,103
142567,42
29672,8
32605,792
40521,72
30516,38
288366,5
102839,92
56439,232
147878,25
178810,50
172458,31
-1,-1
-1,-1
83809,217
172658,19
58089,426
62353,46
34665,119
106384,37
40351,61
9227,798
4430,301
182592,233
25091,152
18344,316
18059,3
44704,20
37923,539
123497,52
-1,-1
14834,2895
532162,204
53742,242
154337,744
