61274,2268,487164287
213553,99,14637886
80949,99,17867588
20255,99,69792490
31711,99,67176690
38873,99,63252469
25534,99,13613070
43696,99,29532101
192824,99,13215895
174660,99,13045068
254167,98,12997497
143882,99,13034906
348353,98,12351590
53726,99,14196468
126156,96,10421006
55230,99,13976475
139687,95,9540233
80548,99,13047194
105767,99,13292058
91358,99,15476161
110396,99,15382929
79257,99,13038182
109966,99,13034773
3316,99,15241558
-1,-1
-1,-1
-1,-1
-1,-1
-1,-1
-1,-1
386490,137
-1,-1
1093096,2
927021,4
417384,45
518093,2
30718,84
-1,-1
-1,-1
156744,360
149272,197
58408,9331
119424,204
103490,639
59622,20
28926,609
-1,-1
445917,109
245645,5
46058,351
157980,22
224457,153
75409,279
18908,151
50642,109
171923,28
132629,103
75863,102
278939,25
105227,281
170910,254
113016,259
40410,50
27613,516
166335,223
260637,69
63814,284
270358,39
99703,154
133500,270
92786,2454
75217,185
116993,103
114949,42
27972,8
32561,754
41649,66
28865,38
278015,5
94917,92
50744,232
143228,25
161992,50
167113,31
-1,-1
-1,-1
79243,217
165969,19
55563,422
48775,45
36679,81
36316,61
9298,759
5017,252
177013,233
24757,150
17268,310
17123,3
43182,20
34442,507
120340,52
-1,-1
14987,2837
516099,204
63782,196
149683,744
