61399,2263,475410058
210062,99,14631028
79769,99,17830817
20331,99,67703582
31624,99,66039576
38474,99,62466143
24706,99,13613065
43812,99,29035687
188607,99,13215655
171094,99,13043771
260117,97,10915506
141927,99,13034746
340574,98,12351338
52095,99,14196298
127891,95,9045569
53330,99,13961516
171363,92,6675100
77143,99,13047184
102428,99,13289865
104741,99,14631645
107835,99,15368363
77632,99,13038182
107373,99,13034464
3154,99,15240958
-1,-1
-1,-1
-1,-1
-1,-1
-1,-1
-1,-1
379825,137
-1,-1
1079997,2
915992,4
411158,45
510163,2
29758,84
-1,-1
-1,-1
156086,360
140604,197
52428,9331
116767,204
101713,639
46098,20
31776,473
-1,-1
439823,109
239789,5
44206,351
164319,19
220819,153
74360,278
18577,148
49881,109
169001,28
133263,100
75214,102
273201,25
104226,280
168844,253
111997,258
40123,50
26326,516
164206,223
262299,64
62551,284
264464,39
98053,154
132038,270
91202,2454
73848,185
114121,103
102950,42
27228,8
31804,754
41288,66
28072,38
272421,5
90959,92
48317,232
140948,25
153679,50
164260,31
-1,-1
-1,-1
76418,217
162158,19
53770,422
40896,45
34974,81
34761,61
9256,746
5066,239
174208,233
24309,150
16668,310
66889,1
42432,20
32586,507
119176,52
-1,-1
14775,2837
506277,204
61996,196
147182,744
