71407,2193,335281096
174104,99,14317335
97470,99,15555265
38184,99,34217466
40174,99,46961093
37906,99,49478221
50570,99,13099547
47205,99,22578597
152495,99,13174182
215206,90,5753545
238411,94,7970342
163743,93,7551654
275720,96,10332077
187446,92,6783835
97980,93,7236201
96538,95,9091527
158714,90,5463115
100085,90,5481591
146650,92,6916196
132228,98,12471998
81926,99,14962838
106259,90,5362296
127833,90,5468835
2254,99,15053340
-1,-1
-1,-1
-1,-1
-1,-1
-1,-1
348459,111
-1,-1
932567,2
787514,4
341150,45
414888,2
30100,58
-1,-1
-1,-1
119435,360
108667,148
106018,155
77335,639
-1,-1
368415,107
175117,5
37461,198
59146,19
224869,12
106724,115
29511,19
39872,109
133919,25
105332,91
96558,54
197337,25
87502,276
139104,249
95162,253
36527,50
129829,216
203185,64
49088,263
236742,31
75308,154
112645,270
69678,2454
-1,-1
159034,30
42714,4
21659,672
61016,20
-1,-1
212672,5
46407,62
50236,140
104836,25
133330,30
-1,-1
65362,169
111201,16
28985,405
12280,480
8406,48
137951,233
17355,141
9317,236
-1,-1
36659,19
129985,20
-1,-1
11982,2810
412513,195
106317,61
128081,707
