27373,2277,536165996
228975,99,14889868
81484,99,18687647
20075,99,83471926
31990,99,75555418
40860,99,68940149
28528,99,13669582
42796,99,33765965
212942,99,13230208
190626,99,13063686
192502,99,13059658
157110,99,13036239
378031,99,13034624
19937,99,15635169
124952,99,13039189
17905,99,19903656
75367,99,13220695
79285,99,13105350
107416,99,13443336
92387,99,16610612
126775,99,15416965
77984,99,13065230
121770,99,13038046
4123,99,15282778
-1,-1
-1,-1
-1,-1
-1,-1
-1,-1
-1,-1
418769,143
-1,-1
1182284,2
1000548,4
455513,45
573913,2
34277,90
611181,500
-1,-1
175114,360
200337,197
33721,38105
-1,-1
150047,204
114581,639
40141,89
40890,841
-1,-1
483285,111
279981,5
54024,351
41900,325
255627,153
73711,308
19215,181
23623,243
190000,28
109807,166
75136,113
314909,25
113839,282
189223,254
121659,260
55243,50
-1,-1
40033,519
174550,231
225786,112
46820,434
306151,39
111391,154
136052,283
79168,2808
83414,185
22783,519
212617,43
33892,8
33675,812
40422,76
33414,46
313170,5
119218,94
49385,350
157493,25
104385,132
185177,31
-1,-1
-1,-1
96332,217
187794,19
64481,428
61600,86
41811,120
203136,43
48049,64
10093,808
4639,319
129248,510
26836,152
21350,319
19756,3
47960,20
47762,552
129309,52
-1,-1
15925,2895
570647,204
27480,341
59152,242
163937,744
