97097,2278,536718297
242264,99,14890156
88055,99,18693646
22768,99,83804908
36083,99,75695157
45756,99,68979892
31796,99,13669654
49542,99,33798453
226527,99,13230208
209734,99,13063686
209567,99,13059658
168574,99,13036239
402893,99,13034624
21912,99,15635169
135713,99,13039189
20301,99,19903656
81715,99,13221685
85095,99,13105350
115033,99,13443336
101201,99,16610612
138000,99,15416965
84278,99,13065230
131061,99,13038046
4637,99,15282778
-1,1,0
-1,0
-1,0
-1,0
-1,0
-1,0
-1,0
-1,0
444181,143
-1,0
1234979,2
1049176,4
475853,45
605118,2
37492,90
619368,500
-1,2500
180059,360
226510,197
38765,38105
-1,481
166439,204
121302,639
50181,89
51448,841
-1,2
506909,111
302180,5
59972,351
46962,325
273648,153
76818,308
21109,181
25050,243
200610,28
114430,166
76634,113
335296,25
118553,282
199913,254
126364,260
65121,50
-1,4
47439,519
181003,231
235718,112
53213,434
330266,39
117809,154
140958,283
82474,2808
87767,185
24864,519
265738,43
37332,8
35469,812
41377,76
35645,46
330502,5
131326,94
55584,350
166020,25
116356,132
-1,0
193899,31
-1,3
-1,0
108099,217
201133,19
71155,428
82694,86
46521,120
266859,43
53622,64
10789,813
5004,324
135651,510
27979,152
23132,319
21186,3
50292,20
53930,552
134098,52
-1,1
16536,2895
599399,204
38646,341
64281,242
171663,744
