66343,2234,426443843
193042,99,14573883
81032,99,17192990
21570,99,56547619
31335,99,60345869
34966,99,60176275
29694,99,13444947
43074,99,26900934
171424,99,13214220
220573,93,7800039
272313,94,8348587
181498,94,8208159
312879,98,12343351
47068,99,14151844
113493,95,9041094
46234,99,13895122
156229,91,6326693
69052,99,13038927
173675,93,7518379
119286,99,13371799
97703,99,15215541
79976,98,12770660
135184,92,6798253
2686,99,15218658
-1,-1
-1,-1
-1,-1
-1,-1
-1,-1
-1,-1
366032,127
-1,-1
1020568,2
865527,4
381069,45
471301,2
29252,74
-1,-1
-1,-1
142845,360
115121,197
27402,6849
106006,204
91863,639
-1,-1
412103,108
215347,5
49031,219
126790,19
203718,150
79077,233
18575,112
46013,109
153654,28
120208,100
76909,93
244173,25
96432,279
155548,252
104008,257
38822,50
19517,516
152687,223
239905,64
57892,271
248007,37
89160,154
124524,270
82584,2454
94053,100
104788,100
39724,42
39855,5
28516,742
44004,54
24177,38
249647,5
70189,92
40242,232
126752,25
150185,24
153521,30
-1,-1
-1,-1
64945,217
143282,19
45237,420
26470,78
29225,51
9535,677
5992,165
159962,233
23299,145
14025,297
64882,1
38581,20
27155,415
109968,52
-1,-1
16025,2837
464970,204
60047,166
138524,744
