298541,2012,114350193
661360,89,4891855
616057,88,4493713
779882,93,7332298
664488,96,9906018
696299,93,7664777
415001,81,2231964
695771,93,7639641
554509,89,5094320
349937,87,4340566
643618,81,2204910
385590,86,3748904
351663,95,9233790
319327,88,4416043
363351,83,2916422
434425,82,2595598
359605,83,2738985
254426,84,3036671
363555,82,2629707
371289,91,6167075
265494,98,12572471
258076,81,2229113
292142,84,2998526
249908,85,3266826
-1,-1
-1,-1
-1,-1
-1,-1
-1,-1
-1,-1
74253,625
14583,272
83428,75
185024,76
119369,173
169341,23
192582,6
-1,-1
-1,-1
68178,1130
80398,250
-1,-1
-1,-1
-1,-1
-1,-1
367524,136
-1,-1
-1,-1
158548,12
-1,-1
251079,12
-1,-1
103487,40
293843,6
-1,-1
-1,-1
65769,90
297882,34
358968,71
303155,31
198379,13
-1,-1
-1,-1
429191,10
248022,28
35384,138
-1,-1
261995,113
389946,289
-1,-1
-1,-1
-1,-1
96857,2
-1,-1
-1,-1
-1,-1
-1,-1
-1,-1
265894,22
119312,28
-1,-1
222448,23
-1,-1
-1,-1
96972,172
80776,39
160993,45
-1,-1
-1,-1
-1,-1
-1,-1
-1,-1
211834,6
-1,-1
-1,-1
120294,9
-1,-1
-1,-1
-1,-1
449062,53
595052,154
106397,93
261839,223
