268497,2012,114350193
617333,89,4891855
574821,88,4493713
729570,93,7332298
619366,96,9906018
650792,93,7664777
374444,81,2231964
642384,93,7639641
518858,89,5094320
318107,87,4340566
604776,81,2204910
359558,86,3748904
324504,95,9233790
287621,88,4416043
328602,83,2916422
379858,82,2595598
325652,83,2738985
223333,84,3036671
327065,82,2629707
342401,91,6167075
239066,98,12572471
235657,81,2229113
255359,84,2998526
221491,85,3266826
-1,-1
-1,-1
-1,-1
-1,-1
-1,-1
-1,-1
66402,625
11835,272
73532,75
172599,76
109669,173
155345,23
174896,6
-1,-1
-1,-1
62727,1130
65242,250
-1,-1
-1,-1
-1,-1
344276,136
-1,-1
-1,-1
122685,12
-1,-1
229960,12
-1,-1
95666,40
262730,6
-1,-1
-1,-1
59448,90
277169,34
333580,71
282272,31
165816,13
-1,-1
-1,-1
389236,10
223928,28
31279,138
-1,-1
250810,113
363756,289
-1,-1
-1,-1
87962,2
-1,-1
-1,-1
-1,-1
-1,-1
-1,-1
238415,22
108063,28
-1,-1
205785,23
-1,-1
83118,172
72695,39
136687,45
-1,-1
-1,-1
-1,-1
-1,-1
-1,-1
180630,6
-1,-1
-1,-1
110965,9
-1,-1
-1,-1
-1,-1
420896,53
553599,154
94192,93
247277,223
