449278,2013,114475088
843410,89,4902474
782984,88,4494732
999196,93,7372008
845098,96,9915242
872344,93,7668959
554987,81,2232137
880193,93,7648740
676285,89,5094320
483593,87,4340566
782331,81,2204910
481217,86,3748904
455216,95,9233790
420827,88,4438511
487008,83,2917667
612303,82,2597668
473022,83,2738985
349643,84,3036671
486432,82,2634715
478276,91,6187075
358844,98,12572471
346714,81,2229113
392428,84,2998574
357374,85,3266856
-1,1,0
-1,-1
-1,-1
-1,-1
-1,-1
-1,-1
-1,-1
-1,-1
107906,627
28929,274
123277,75
232249,76
154976,173
223070,23
248705,6
-1,-1
-1,-1
85829,1130
146423,250
-1,-1
-1,-1
-1,-1
-1,-1
-1,-1
-1,-1
-1,-1
445010,136
-1,-1
-1,-1
250446,12
-1,-1
302369,12
-1,-1
125515,40
379710,6
-1,-1
-1,-1
85995,90
359021,34
455411,71
362600,31
333814,13
-1,-1
-1,-1
-1,-1
552502,10
333587,28
49312,138
-1,-1
298262,113
474963,289
-1,-1
-1,-1
-1,-1
132291,2
-1,-1
-1,-1
-1,-1
-1,-1
-1,-1
368570,22
148087,28
-1,-1
-1,-1
276792,23
-1,-1
-1,-1
148797,172
102451,39
237923,45
-1,-1
-1,-1
-1,-1
-1,-1
-1,-1
-1,-1
-1,-1
312886,6
-1,-1
-1,-1
148264,9
-1,-1
-1,-1
-1,-1
558636,53
730277,154
-1,-1
143438,93
324747,223
