384756,2012,114475088
803745,89,4902474
747109,88,4494732
949761,93,7372008
803902,96,9915242
834743,93,7668959
524340,81,2232137
840167,93,7648740
651872,89,5094320
447202,87,4340566
751608,81,2204910
460802,86,3748904
434815,95,9233790
398805,88,4438511
459262,83,2917667
575528,82,2597668
449208,83,2738985
332156,84,3036671
461530,82,2634715
457654,91,6187075
338171,98,12572471
330118,81,2229113
374015,84,2998574
331833,85,3266856
-1,-1
-1,-1
-1,-1
-1,-1
-1,-1
-1,-1
-1,-1
101092,627
25732,274
115877,75
221934,76
148491,173
214072,23
239621,6
-1,-1
-1,-1
84209,1130
134114,250
-1,-1
-1,-1
-1,-1
-1,-1
-1,-1
-1,-1
-1,-1
430809,136
-1,-1
-1,-1
233540,12
-1,-1
291730,12
-1,-1
120927,40
363353,6
-1,-1
-1,-1
82312,90
347480,34
436910,71
351454,31
307144,13
-1,-1
-1,-1
-1,-1
529954,10
314276,28
46631,138
-1,-1
291287,113
459575,289
-1,-1
-1,-1
-1,-1
125728,2
-1,-1
-1,-1
-1,-1
-1,-1
-1,-1
349902,22
142489,28
-1,-1
267889,23
-1,-1
-1,-1
137590,172
98594,39
221723,45
-1,-1
-1,-1
-1,-1
-1,-1
-1,-1
-1,-1
-1,-1
292552,6
-1,-1
-1,-1
143557,9
-1,-1
-1,-1
-1,-1
538208,53
707300,154
-1,-1
136287,93
312362,223
