263488,2012,114350193
609421,89,4891855
567235,88,4493713
721247,93,7332298
611509,96,9906018
643972,93,7664777
368137,81,2231964
634084,93,7639641
512428,89,5094320
312010,87,4340566
597677,81,2204910
354773,86,3748904
319636,95,9233790
282395,88,4416043
323016,83,2916422
371100,82,2595598
320038,83,2738985
219386,84,3036671
321962,82,2629707
337699,91,6167075
234254,98,12572471
232285,81,2229113
251046,84,2998526
216929,85,3266826
-1,-1
-1,-1
-1,-1
-1,-1
-1,-1
-1,-1
64895,625
11344,272
72055,75
170407,76
108181,173
152974,23
172237,6
-1,-1
-1,-1
61934,1130
63250,250
-1,-1
-1,-1
-1,-1
340629,136
-1,-1
-1,-1
117078,12
-1,-1
226254,12
-1,-1
94429,40
256553,6
-1,-1
-1,-1
58551,90
273888,34
329587,71
279007,31
159418,13
-1,-1
-1,-1
381112,10
219753,28
30529,138
-1,-1
248686,113
359155,289
-1,-1
-1,-1
86500,2
-1,-1
-1,-1
-1,-1
-1,-1
-1,-1
232951,22
106169,28
202954,23
-1,-1
80698,172
71174,39
132335,45
-1,-1
-1,-1
-1,-1
-1,-1
-1,-1
174958,6
-1,-1
-1,-1
109453,9
-1,-1
-1,-1
-1,-1
414916,53
546352,154
92980,93
244382,223
