239634,2012,114312135
574617,89,4891855
535030,88,4493713
681327,93,7332298
575690,96,9906018
605203,93,7664777
336240,81,2231154
590220,93,7639641
480481,89,5094320
285050,87,4303365
564217,81,2204910
332013,86,3748904
296432,95,9233790
253865,88,4416043
294244,83,2916422
320021,82,2595598
294531,83,2738985
200387,84,3036671
289768,82,2629660
316820,91,6167075
212087,98,12572471
213645,81,2229113
230713,84,2998526
195642,85,3266826
-1,-1
-1,-1
-1,-1
-1,-1
-1,-1
58792,625
9289,272
65781,75
160568,76
102063,173
143053,23
160495,6
-1,-1
-1,-1
56273,1130
49275,250
-1,-1
-1,-1
-1,-1
323273,136
-1,-1
-1,-1
83375,12
-1,-1
208292,12
-1,-1
88485,40
222939,6
-1,-1
-1,-1
54484,90
259046,34
312961,71
263824,31
130993,13
-1,-1
-1,-1
340919,10
202357,28
27130,138
-1,-1
238583,113
339062,289
-1,-1
-1,-1
80566,2
-1,-1
-1,-1
-1,-1
-1,-1
-1,-1
206934,22
97507,28
190554,23
-1,-1
68812,172
63498,39
110825,45
-1,-1
-1,-1
-1,-1
-1,-1
-1,-1
144557,6
-1,-1
-1,-1
102725,9
-1,-1
-1,-1
-1,-1
392469,53
512057,154
86756,93
232529,223
