280618,2012,114350193
637294,89,4891855
593798,88,4493713
751900,93,7332298
639977,96,9906018
671100,93,7664777
391588,81,2231964
664630,93,7639641
534282,89,5094320
331717,87,4340566
621256,81,2204910
370508,86,3748904
336509,95,9233790
300366,88,4416043
343334,83,2916422
402090,82,2595598
339151,83,2738985
235284,84,3036671
343702,82,2629707
353423,91,6167075
249814,98,12572471
245739,81,2229113
273094,84,2998526
232744,85,3266826
-1,-1
-1,-1
-1,-1
-1,-1
-1,-1
-1,-1
69480,625
12880,272
77333,75
177667,76
113218,173
160753,23
181825,6
-1,-1
-1,-1
66842,1130
71984,250
-1,-1
-1,-1
-1,-1
-1,-1
353801,136
-1,-1
-1,-1
135909,12
-1,-1
239210,12
-1,-1
98934,40
275892,6
-1,-1
-1,-1
61647,90
284911,34
343334,71
290078,31
179730,13
-1,-1
-1,-1
406126,10
233681,28
32971,138
-1,-1
255397,113
374199,289
-1,-1
-1,-1
-1,-1
91340,2
-1,-1
-1,-1
-1,-1
-1,-1
-1,-1
250371,22
112196,28
-1,-1
212024,23
-1,-1
-1,-1
88872,172
76041,39
146550,45
-1,-1
-1,-1
-1,-1
-1,-1
-1,-1
194436,6
-1,-1
-1,-1
114592,9
-1,-1
-1,-1
-1,-1
435077,53
571734,154
97169,93
253747,223
