328211,2012,114475088
703563,89,4902474
656633,88,4494732
828675,93,7372008
708811,96,9915242
741172,93,7668959
449656,81,2232137
746104,93,7648740
589763,89,5094320
383342,87,4340566
678761,81,2204910
412355,86,3748904
379850,95,9233790
345414,88,4438511
396846,83,2917667
486362,82,2597668
392655,83,2738985
282982,84,3036671
398672,82,2634715
402837,91,6187075
289806,98,12572471
281095,81,2229113
321406,84,2998574
278498,85,3266856
-1,-1
-1,-1
-1,-1
-1,-1
-1,-1
-1,-1
82092,627
17632,274
93625,75
195930,76
129136,173
183877,23
208700,6
-1,-1
-1,-1
75615,1130
96931,250
-1,-1
-1,-1
-1,-1
-1,-1
-1,-1
-1,-1
387981,136
-1,-1
-1,-1
186466,12
-1,-1
267836,12
-1,-1
109606,40
319089,6
-1,-1
-1,-1
71497,90
315236,34
382590,71
320046,31
227306,13
-1,-1
-1,-1
465502,10
268237,28
39357,138
-1,-1
272899,113
416213,289
-1,-1
-1,-1
-1,-1
106085,2
-1,-1
-1,-1
-1,-1
-1,-1
-1,-1
293264,22
128100,28
-1,-1
239653,23
-1,-1
-1,-1
110124,172
87499,39
181000,45
-1,-1
-1,-1
-1,-1
-1,-1
-1,-1
-1,-1
236547,6
-1,-1
-1,-1
129146,9
-1,-1
-1,-1
-1,-1
479638,53
637137,154
118108,93
278780,223
