290981,2012,114350193
650706,89,4891855
606167,88,4493713
767252,93,7332298
653301,96,9906018
685353,93,7664777
405203,81,2231964
682356,93,7639641
546168,89,5094320
342094,87,4340566
634473,81,2204910
379570,86,3748904
345616,95,9233790
312049,88,4416043
355288,83,2916422
421918,82,2595598
350115,83,2738985
248058,84,3036671
354505,82,2629707
362295,91,6167075
258878,98,12572471
253294,81,2229113
283724,84,2998526
242657,85,3266826
-1,-1
-1,-1
-1,-1
-1,-1
-1,-1
-1,-1
72140,625
13813,272
80827,75
181982,76
116628,173
165522,23
187863,6
-1,-1
-1,-1
72857,1130
77276,250
-1,-1
-1,-1
-1,-1
-1,-1
361030,136
-1,-1
-1,-1
148492,12
-1,-1
246174,12
-1,-1
101597,40
285898,6
-1,-1
-1,-1
63914,90
292357,34
352361,71
297676,31
190060,13
-1,-1
-1,-1
419318,10
241717,28
34374,138
-1,-1
258997,113
382679,289
-1,-1
-1,-1
-1,-1
94373,2
-1,-1
-1,-1
-1,-1
-1,-1
-1,-1
259044,22
116084,28
-1,-1
217204,23
-1,-1
-1,-1
93639,172
78880,39
155228,45
-1,-1
-1,-1
-1,-1
-1,-1
-1,-1
204462,6
-1,-1
-1,-1
117717,9
-1,-1
-1,-1
-1,-1
442708,53
585449,154
102927,93
258834,223
