257779,2012,114350193
600866,89,4891855
559293,88,4493713
711189,93,7332298
602319,96,9906018
634681,93,7664777
360592,81,2231964
623632,93,7639641
504632,89,5094320
304916,87,4340566
589639,81,2204910
349411,86,3748904
313712,95,9233790
275225,88,4416043
315968,83,2916422
360854,82,2595598
313724,83,2738985
214764,84,3036671
316546,82,2629707
332673,91,6167075
228708,98,12572471
228303,81,2229113
245715,84,2998526
211363,85,3266826
-1,-1
-1,-1
-1,-1
-1,-1
-1,-1
-1,-1
63469,625
10842,272
70656,75
168257,76
106816,173
150664,23
169623,6
-1,-1
-1,-1
60408,1130
60645,250
-1,-1
-1,-1
-1,-1
336486,136
-1,-1
-1,-1
110972,12
-1,-1
221876,12
-1,-1
93054,40
249717,6
-1,-1
-1,-1
57680,90
270646,34
325671,71
275731,31
152859,13
-1,-1
-1,-1
371895,10
215868,28
29715,138
-1,-1
246233,113
354274,289
-1,-1
-1,-1
85157,2
-1,-1
-1,-1
-1,-1
-1,-1
-1,-1
227330,22
104374,28
199913,23
-1,-1
77937,172
69631,39
128065,45
-1,-1
-1,-1
-1,-1
-1,-1
-1,-1
168954,6
-1,-1
-1,-1
107775,9
-1,-1
-1,-1
-1,-1
408933,53
538067,154
91611,93
241626,223
