361244,2078,205965977
275520,99,14418731
477533,96,10552741
315534,99,16843051
255554,99,28307372
246452,99,24957138
359588,88,4595718
274327,99,16376497
202078,99,13366747
529299,87,4028754
399772,92,6858369
684282,82,2459236
66395,99,14729943
697353,80,2105726
519277,83,2730675
565837,84,3130988
567607,80,2141691
486151,80,2123582
459440,84,3088238
335537,95,9484147
359089,99,13045524
354435,81,2252173
245690,90,5545292
512490,83,2823644
-1,1,0
-1,0
-1,0
-1,0
-1,0
-1,0
-1,0
-1,0
231161,335
992751,4
716466,8
181070,108
195328,147
112880,51
154699,17
263398,574
-1,2478
-1,98
333932,149
174962,1700
-1,431
241582,77
234970,139
147811,34
200648,60
171241,10
269216,256
-1,0
331485,5
-1,0
68199,238
292746,150
342718,8
-1,0
203319,25
200519,30
246272,34
-1,1
54905,134
86772,392
128258,385
88005,385
140244,25
-1,0
99140,194
317743,75
380217,40
84207,306
125431,88
225455,51
344244,92
205948,1526
-1,1
196487,66
328576,33
81113,4
96409,174
-1,0
-1,0
364490,5
80054,203
171961,86
158835,27
122627,129
-1,0
273234,24
-1,0
85973,91
286937,105
51008,65
267117,29
225128,25
37951,241
351279,23
74027,33
-1,0
-1,0
176887,346
71139,91
-1,3
-1,0
137247,10
89266,200
226939,13
79059,104
232234,408
195594,569
-1,0
235393,36
136367,994
