257826,2074,200055380
248663,99,14252665
419334,96,9828547
269898,99,16358470
219222,99,27627398
210950,99,24459072
301357,88,4593145
230947,99,16055437
177862,99,13346114
437288,87,4024929
349299,92,6830481
607116,82,2455406
57542,99,14729324
600008,80,2094546
442877,83,2703690
474005,84,3015891
497374,80,2063061
426045,80,2063826
404532,83,2883400
296422,95,9188489
323749,97,10983071
304241,81,2208093
210986,90,5475351
418475,83,2814974
-1,-1
-1,-1
-1,-1
-1,-1
-1,-1
-1,-1
196386,327
838297,4
632440,8
159283,104
173362,144
94046,50
132060,17
176772,628
-1,-1
-1,-1
253325,149
121444,1700
-1,-1
188505,77
201765,139
-1,-1
155746,11
137900,10
242768,256
282184,5
-1,-1
52152,238
266832,98
335874,5
-1,-1
196061,19
187363,27
223577,34
-1,-1
46242,134
81439,380
118021,374
81810,379
86716,25
66343,179
293588,75
340493,40
63263,306
127700,78
209474,46
319330,92
187729,1526
-1,-1
267102,16
201267,29
65661,4
85354,174
-1,-1
-1,-1
321436,5
61473,202
128612,86
140458,27
90306,129
243951,24
-1,-1
69265,91
223660,105
47938,62
211597,29
-1,-1
27990,241
-1,-1
55406,32
-1,-1
-1,-1
157233,346
63196,91
-1,-1
-1,-1
123212,10
66663,180
206281,13
66403,104
207672,405
173822,569
-1,-1
200519,36
123656,993
