229733,2074,199953431
227588,99,14239825
384287,96,9828497
235790,99,16355795
193411,99,27616085
188778,99,24442446
273561,88,4593115
200094,99,16048804
161541,99,13346114
394887,87,4024929
327145,92,6830481
566192,82,2455406
52017,99,14729324
547863,80,2094546
401374,83,2703068
424244,84,2964796
452528,80,2063061
383260,80,2063761
367294,83,2883400
266362,95,9188489
293116,97,10983071
273110,81,2208093
186659,90,5475351
374479,83,2814974
-1,-1
-1,-1
-1,-1
-1,-1
-1,-1
-1,-1
178501,327
777643,4
596378,8
148433,104
159699,144
83674,50
119480,17
154999,635
-1,-1
-1,-1
204712,149
85591,1700
167287,77
183812,139
-1,-1
101034,11
117067,10
227305,256
260744,5
-1,-1
42384,238
244199,98
315511,5
-1,-1
180193,19
173019,27
207620,34
-1,-1
41529,134
76846,380
110429,374
77388,379
82384,25
52929,179
278904,75
314610,40
57360,306
114929,78
191616,46
306201,92
175652,1526
-1,-1
244403,16
128639,29
58191,4
78412,174
-1,-1
-1,-1
297953,5
49464,202
109056,86
130610,27
70661,129
226338,24
-1,-1
57404,91
196371,105
44236,62
186620,29
-1,-1
21740,241
44298,32
-1,-1
-1,-1
146058,346
57504,91
-1,-1
-1,-1
114525,10
50457,178
193563,13
59234,104
191361,405
160631,569
181665,36
115127,993
