221059,2074,199761269
220389,99,14235868
376068,96,9713393
224079,99,16354474
186014,99,27568454
182352,99,24423510
266407,88,4593115
192107,99,16043898
155996,99,13346114
382910,87,4024929
320567,92,6830481
555169,82,2455406
50199,99,14729324
530976,80,2094546
389193,83,2703068
406245,84,2964796
437058,80,2063061
367945,80,2063761
354596,83,2883093
256277,95,9188489
283889,97,10983071
264773,81,2208093
179551,90,5475351
360960,83,2814974
-1,-1
-1,-1
-1,-1
-1,-1
-1,-1
-1,-1
172873,327
757876,4
584816,8
145348,104
155311,144
80307,50
115440,17
142765,645
-1,-1
-1,-1
193397,149
74971,1700
161318,77
178122,139
67513,11
110388,10
222416,256
253003,5
-1,-1
39191,238
237568,98
307617,5
-1,-1
175002,19
168236,27
202483,34
-1,-1
40072,134
75234,380
107910,374
75844,379
80872,25
49170,179
273889,75
306354,40
55516,306
111266,78
186231,46
301580,92
171635,1526
-1,-1
237632,16
100384,29
55759,4
75561,174
-1,-1
-1,-1
290838,5
45542,202
103313,86
128365,26
65163,129
220403,24
-1,-1
53911,91
188389,105
42942,62
179269,29
20209,239
41295,32
-1,-1
-1,-1
142670,346
55831,91
-1,-1
-1,-1
111625,10
46561,177
189456,13
56578,104
186902,405
156296,569
175302,36
112962,993
