242100,2074,199979376
236061,99,14239825
398817,96,9828547
248981,99,16357325
203206,99,27621803
197222,99,24457207
285281,88,4593145
211141,99,16052660
168666,99,13346114
414276,87,4024929
337462,92,6830481
584348,82,2455406
54085,99,14729324
570285,80,2094546
419657,83,2703068
449104,84,2964796
471706,80,2063061
402391,80,2063761
383213,83,2883400
278865,95,9188489
306520,97,10983071
285657,81,2208093
197291,90,5475351
393875,83,2814974
-1,-1
-1,-1
-1,-1
-1,-1
-1,-1
-1,-1
186189,327
806440,4
612345,8
152891,104
165560,144
87931,50
124718,17
168276,628
-1,-1
-1,-1
225866,149
100585,1700
-1,-1
174338,77
191342,139
-1,-1
125500,11
126079,10
233539,256
271262,5
-1,-1
46554,238
252995,98
325319,5
-1,-1
186904,19
179303,27
214381,34
-1,-1
43492,134
78649,380
113380,374
79174,379
84435,25
58020,179
285367,75
325939,40
59746,306
120413,78
199060,46
312033,92
180972,1526
-1,-1
253757,16
157454,29
61247,4
81581,174
-1,-1
-1,-1
308760,5
54540,202
116819,86
134859,27
78180,129
233712,24
-1,-1
62296,91
207947,105
46009,62
197564,29
-1,-1
24019,241
-1,-1
48288,32
-1,-1
-1,-1
150835,346
59835,91
-1,-1
-1,-1
118128,10
56074,178
199011,13
62071,104
198076,405
166287,569
189923,36
118682,993
