223958,2074,199761269
223085,99,14235868
379981,96,9713393
228569,99,16354474
188943,99,27568454
184904,99,24423510
268774,88,4593115
195009,99,16043898
157986,99,13346114
387162,87,4024929
322892,92,6830481
559413,82,2455406
51060,99,14729324
537068,80,2094546
393450,83,2703068
412587,84,2964796
441280,80,2063061
373193,80,2063761
358983,83,2883093
260296,95,9188489
287033,97,10983071
267597,81,2208093
182085,90,5475351
365793,83,2814974
-1,-1
-1,-1
-1,-1
-1,-1
-1,-1
-1,-1
174908,327
764809,4
588827,8
146522,104
156893,144
81584,50
116887,17
145348,645
-1,-1
-1,-1
197450,149
78714,1700
163748,77
180199,139
-1,-1
84534,11
112807,10
224177,256
255633,5
-1,-1
40315,238
240118,98
310370,5
-1,-1
176948,19
170013,27
204208,34
-1,-1
40578,134
75805,380
108789,374
76412,379
81417,25
50426,179
275746,75
309315,40
56211,306
112500,78
188209,46
303383,92
173219,1526
-1,-1
240034,16
106989,29
56658,4
76634,174
-1,-1
-1,-1
293262,5
46903,202
105299,86
129719,26
67001,129
222590,24
-1,-1
55097,91
191180,105
43394,62
181816,29
-1,-1
20741,239
42368,32
-1,-1
-1,-1
144004,346
56412,91
-1,-1
-1,-1
112766,10
47816,177
190893,13
57456,104
188480,405
157930,569
177741,36
113573,993
