103691,2188,315841506
68127,99,22094400
86772,99,17125021
98507,99,25338783
83564,99,40543149
109149,99,33750252
176358,95,9059998
85064,99,21704647
60148,99,15770766
204198,96,10253852
248717,97,11518034
249105,91,6175412
344562,96,9807784
189417,98,12910922
133891,93,7281504
173967,93,7683880
129916,95,9073425
150787,89,5072420
196136,92,6798561
90806,99,14670593
140670,99,14076932
245639,82,2436283
116911,95,9330910
217941,85,3363978
-1,-1
-1,-1
-1,-1
-1,-1
-1,-1
-1,-1
6743,2453
8830,435
12517,472
16018,575
6107,627
3712,258
26740,86
11121,3428
-1,-1
64780,1261
121874,203
55700,3351
225984,19
142468,310
9538,975
5031,1686
25406,46
119537,66
22055,395
94076,685
90561,204
-1,-1
56971,90
10581,375
189398,40
170732,17
19575,228
150643,169
36705,810
110718,252
72854,25
12867,873
46581,775
101682,326
80555,212
72283,99
78320,195
104963,327
135189,1846
43714,339
68692,174
10469,206
25440,8
78961,153
56303,36
-1,-1
23704,42
6137,731
15977,603
18399,288
20337,362
42962,55
-1,-1
8880,840
45462,293
86083,37
24550,659
-1,-1
-1,-1
71561,12
-1,-1
13907,2437
26356,141
109895,10
-1,-1
129133,9
29949,475
113043,54
33953,193
324336,153
302972,383
24797,398
68219,1509
