79582,2258,488118476
25813,99,34022684
29431,99,25392780
64129,99,42561714
46756,99,63776442
59175,99,56985485
94205,99,13130606
46868,99,32586194
43541,99,19428285
157138,99,13155930
63416,99,13653508
198435,96,10112304
401904,97,10971763
76166,99,13903573
87149,99,13108828
182496,97,10771191
28327,99,14176539
135710,94,8028983
152213,99,13114225
35459,99,23297438
71072,99,19013226
139172,92,6935903
31419,99,16788147
46809,99,13202728
-1,-1
-1,-1
-1,-1
-1,-1
-1,-1
-1,-1
5218,3417
9564,600
10721,579
11110,788
4071,892
2092,410
17709,148
12395,3602
-1,-1
76625,1261
140790,239
121937,3351
1777,1200
31236,900
64922,1144
10005,231
76874,473
1361,3563
5450,1767
34271,46
72749,236
17206,671
63210,1132
89085,244
-1,-1
65476,90
6483,586
100659,189
75192,113
3242,675
73062,433
26271,1080
59094,521
1980,205
-1,-1
22807,873
47338,835
103499,400
72699,296
70455,112
49676,288
60698,570
50675,3454
28413,594
25973,477
7008,444
9931,18
85204,188
61167,39
-1,-1
10641,85
9926,734
18811,976
10527,548
23284,565
43837,59
-1,-1
3031,2168
40495,381
101981,37
30467,678
25116,189
67077,41
29720,383
-1,-1
81922,23
-1,-1
9405,3226
26918,152
119984,27
-1,-1
134382,10
23102,1266
126782,54
43008,193
353365,181
357669,388
28375,331
25644,484
54067,1950
