80970,2246,450822879
32238,99,30799306
36492,99,23317959
63884,99,39813510
51509,99,57921197
64874,99,51532348
117710,99,13070138
55546,99,28927246
44774,99,18659544
198186,99,13038873
267448,98,12627576
218402,94,8125872
389657,96,9860283
90542,99,13569460
117203,99,13037443
175852,96,10117366
29831,99,13902174
131448,93,7471199
171041,98,13031762
39382,99,21664784
77424,99,17914664
190378,87,4102854
38274,99,15265867
107351,99,13051454
-1,-1
-1,-1
-1,-1
-1,-1
-1,-1
-1,-1
5134,3222
8618,600
10865,539
11782,732
4118,838
2250,375
17911,138
11927,3594
-1,-1
74432,1261
123296,239
102519,3351
2304,1102
27432,900
87210,841
7634,231
60245,473
1493,3312
5049,1750
30993,46
69153,236
24255,486
59298,1132
88732,238
-1,-1
63070,90
6114,583
96676,189
115863,54
4026,603
86462,359
28639,1004
68560,445
79354,25
18869,873
46168,835
110481,347
66126,296
67134,111
47884,288
64264,529
63860,3062
28517,570
24153,476
4826,444
9757,17
82422,188
60216,38
-1,-1
10471,81
8834,734
17673,877
18980,314
21288,498
41507,59
-1,-1
3567,1918
44559,340
97234,37
28691,678
19103,164
60459,39
30200,298
-1,-1
77662,23
-1,-1
9953,3070
27470,148
109072,25
-1,-1
131083,10
20115,1266
123283,54
40783,193
350725,166
343334,383
26068,237
23872,484
66919,1635
