940860,1779,47900279
-1,70,760680
-1,64,420005
-1,75,1213551
-1,72,906725
-1,73,1020808
-1,54,163145
1773551,78,1629537
767596,86,3732290
289229,97,10759233
419650,91,6397732
470188,87,3996139
848055,85,3268725
-1,58,245201
900653,74,1098070
890992,77,1528926
1167829,68,627394
793784,75,1292178
429838,85,3368681
1154537,73,1029931
850359,80,2133155
688658,69,717456
1166312,70,754398
1100567,70,749530
434660,48,86789
-1,0
-1,0
-1,0
-1,0
-1,0
-1,0
-1,0
1203883,17
876141,5
933781,5
1030741,5
1198087,2
-1,0
-1,0
-1,0
-1,2475
-1,48
430277,99
-1,0
-1,94
-1,0
-1,0
-1,0
-1,0
-1,0
-1,0
-1,0
-1,0
-1,0
-1,0
-1,0
-1,0
-1,0
-1,0
-1,0
-1,0
-1,0
-1,0
-1,0
711149,5
-1,0
-1,0
-1,0
-1,0
-1,0
-1,0
-1,0
556410,18
-1,0
-1,0
-1,0
-1,0
-1,0
-1,0
-1,0
-1,0
-1,0
-1,0
-1,0
-1,0
-1,0
-1,0
557689,7
-1,0
-1,0
-1,0
-1,0
-1,0
-1,0
-1,0
-1,0
-1,0
-1,0
-1,0
-1,0
-1,0
-1,0
-1,0
-1,0
-1,0
-1,0
-1,0
-1,0
-1,0
-1,0
756942,148
-1,0
-1,0
-1,0
