261614,2057,144904975
523317,93,7663934
583729,90,5444715
447110,99,13341961
672809,96,10640930
929287,89,5334887
420643,82,2437854
330691,99,13640329
170398,99,13323321
428959,86,3811272
78801,99,13328708
623387,81,2236183
491779,90,5511979
379646,86,3779060
149130,92,7124509
245932,91,6153001
387952,83,2773920
115288,94,8011776
332401,86,3618485
588299,85,3434580
568590,85,3374616
166244,88,4434043
258244,86,3819615
636669,78,1665297
-1,-1
-1,-1
-1,-1
-1,-1
-1,-1
-1,-1
454384,107
256681,18
260184,24
494682,19
452688,39
446059,4
281366,3
428461,500
-1,-1
108936,680
352320,73
-1,-1
-1,-1
-1,-1
-1,-1
-1,-1
-1,-1
739326,33
-1,-1
-1,-1
-1,-1
-1,-1
316547,5
-1,-1
-1,-1
-1,-1
-1,-1
-1,-1
-1,-1
394540,10
486896,28
373403,14
-1,-1
-1,-1
-1,-1
458251,11
120910,141
529071,12
-1,-1
622617,12
-1,-1
-1,-1
-1,-1
-1,-1
-1,-1
-1,-1
62384,31
-1,-1
-1,-1
-1,-1
315622,14
-1,-1
244991,20
-1,-1
-1,-1
-1,-1
361214,56
-1,-1
-1,-1
-1,-1
-1,-1
-1,-1
-1,-1
-1,-1
-1,-1
-1,-1
-1,-1
-1,-1
-1,-1
-1,-1
-1,-1
-1,-1
621557,10
437463,255
41091,295
-1,-1
