311651,2057,144938312
603886,93,7669966
666509,90,5444715
524476,99,13341961
767595,96,10642939
1044028,89,5334887
493434,82,2437854
393217,99,13640494
196395,99,13323321
501964,86,3811272
96015,99,13328708
693457,81,2236183
563011,90,5511979
440189,86,3779060
175220,92,7124509
301926,91,6176552
446719,83,2773920
140330,94,8011776
386608,86,3618485
657912,85,3436160
659583,85,3374616
198109,88,4434043
303838,86,3819615
733326,78,1665297
-1,-1
-1,-1
-1,-1
-1,-1
-1,-1
-1,-1
-1,-1
513654,107
318025,18
304367,24
547652,19
500416,39
503724,4
318556,3
492131,500
-1,-1
122142,680
460297,73
-1,-1
-1,-1
-1,-1
-1,-1
-1,-1
-1,-1
-1,-1
828891,33
-1,-1
-1,-1
-1,-1
-1,-1
348130,5
-1,-1
-1,-1
-1,-1
-1,-1
-1,-1
-1,-1
437920,10
561035,28
412873,14
-1,-1
-1,-1
-1,-1
-1,-1
524459,11
147275,141
610890,12
-1,-1
677167,12
-1,-1
-1,-1
-1,-1
-1,-1
-1,-1
-1,-1
68097,31
-1,-1
-1,-1
-1,-1
376270,14
-1,-1
359516,20
-1,-1
-1,-1
-1,-1
-1,-1
456186,56
-1,-1
-1,-1
-1,-1
-1,-1
-1,-1
-1,-1
-1,-1
-1,-1
-1,-1
-1,-1
-1,-1
-1,-1
-1,-1
-1,-1
-1,-1
-1,-1
709161,10
492967,255
-1,-1
49674,295
-1,-1
