294383,2104,145769699
621527,93,7755795
688525,90,5444715
541660,99,13346801
793365,96,10674688
1062212,90,5395707
510918,82,2437952
410541,99,13642687
199607,99,13336389
530473,86,3812418
97759,99,13358713
710750,81,2240184
581305,90,5511979
455394,86,3783710
182636,92,7142683
313164,91,6348637
461617,83,2773920
145097,94,8059795
397004,86,3721510
671569,85,3462160
681161,85,3374616
206001,88,4459073
314194,86,3823615
753727,78,1787035
345498,46,74917
-1,0
-1,0
-1,0
-1,0
-1,0
-1,0
-1,0
526315,107
330331,18
313273,24
561352,19
509061,39
513188,4
324398,3
498412,500
-1,2500
123616,680
485920,73
-1,0
-1,276
-1,0
-1,0
-1,0
-1,0
-1,0
846148,33
-1,0
-1,0
-1,0
-1,0
355655,5
-1,0
-1,0
-1,0
-1,1
-1,0
-1,0
446411,10
574971,28
420622,14
-1,0
-1,0
-1,1
-1,1
536846,11
153487,141
627463,12
-1,1
688670,12
-1,0
-1,1
-1,1
-1,4
-1,0
-1,0
68824,31
-1,0
-1,0
-1,0
387345,14
-1,0
381348,20
-1,0
-1,3
-1,0
-1,0
484232,56
-1,0
-1,0
-1,0
-1,1
-1,0
-1,1
-1,0
-1,0
-1,0
-1,2
-1,0
-1,0
-1,1
-1,1
-1,0
-1,0
727164,10
506681,255
-1,0
51573,295
-1,1
