278193,2057,144938312
546759,93,7669966
608445,90,5444715
473129,99,13341961
701635,96,10642939
964137,89,5334887
443322,82,2437854
350906,99,13640494
179332,99,13323321
451881,86,3811272
82547,99,13328708
646028,81,2236183
512793,90,5511979
399178,86,3779060
157609,92,7124509
264111,91,6176552
407548,83,2773920
123860,94,8011776
349420,86,3618485
611922,85,3436160
596577,85,3374616
176864,88,4434043
274359,86,3819615
666992,78,1665297
-1,-1
-1,-1
-1,-1
-1,-1
-1,-1
-1,-1
473519,107
273528,18
274105,24
511291,19
469242,39
464311,4
293342,3
450517,500
-1,-1
114714,680
386506,73
-1,-1
-1,-1
-1,-1
-1,-1
-1,-1
-1,-1
-1,-1
765546,33
-1,-1
-1,-1
-1,-1
-1,-1
328277,5
-1,-1
-1,-1
-1,-1
-1,-1
-1,-1
-1,-1
409062,10
509101,28
386727,14
-1,-1
-1,-1
-1,-1
481413,11
127369,141
554349,12
-1,-1
641076,12
-1,-1
-1,-1
-1,-1
-1,-1
-1,-1
-1,-1
65402,31
-1,-1
-1,-1
-1,-1
336170,14
-1,-1
281837,20
-1,-1
-1,-1
-1,-1
386082,56
-1,-1
-1,-1
-1,-1
-1,-1
-1,-1
-1,-1
-1,-1
-1,-1
-1,-1
-1,-1
-1,-1
-1,-1
-1,-1
-1,-1
-1,-1
-1,-1
650472,10
456057,255
-1,-1
44342,295
-1,-1
