230980,2051,140954556
475255,93,7572838
529711,90,5443226
400882,99,13313112
617116,96,10462512
883388,89,4913697
370446,82,2433152
285292,99,13621500
150010,99,13323321
392333,86,3615958
69360,99,13328232
569966,81,2236183
440016,90,5511979
332856,86,3773865
127510,92,7120660
289052,86,3704333
346158,83,2694730
94523,94,8004262
293212,85,3519435
545510,85,3296344
512593,85,3299123
146222,88,4432258
226411,86,3685306
565131,78,1648530
-1,-1
-1,-1
-1,-1
-1,-1
-1,-1
-1,-1
408861,107
215480,18
227081,24
455685,19
412832,39
404906,4
254215,3
364064,500
-1,-1
98504,680
279307,73
-1,-1
-1,-1
-1,-1
-1,-1
679483,33
-1,-1
-1,-1
-1,-1
-1,-1
283364,5
-1,-1
-1,-1
-1,-1
-1,-1
-1,-1
-1,-1
357006,10
438279,28
338474,14
-1,-1
-1,-1
-1,-1
402736,11
105613,141
471427,12
-1,-1
574246,12
-1,-1
-1,-1
-1,-1
-1,-1
-1,-1
-1,-1
56991,31
-1,-1
-1,-1
-1,-1
273032,14
-1,-1
158784,20
-1,-1
-1,-1
-1,-1
304778,56
-1,-1
-1,-1
-1,-1
-1,-1
-1,-1
-1,-1
-1,-1
-1,-1
-1,-1
-1,-1
-1,-1
-1,-1
-1,-1
-1,-1
560244,10
390580,255
36717,263
-1,-1
