234395,2019,130465728
500282,90,5852810
506503,90,5346618
368990,99,13269974
589681,96,9747757
817425,89,4842567
371588,80,2054809
258408,99,13442136
136313,99,13298182
493792,81,2240472
60992,99,13323715
522399,81,2228063
406636,90,5390619
392523,82,2432619
106906,92,7084322
364577,81,2314191
313662,82,2550049
79439,94,7963851
341918,80,2163352
513408,84,3134151
463619,84,3110022
130831,87,4339305
253673,83,2776683
509725,77,1559461
-1,-1
-1,-1
-1,-1
-1,-1
-1,-1
-1,-1
372240,106
181002,18
202407,24
420220,19
382065,39
371603,4
253737,2
306201,500
-1,-1
85236,680
217062,70
-1,-1
-1,-1
-1,-1
651996,26
-1,-1
-1,-1
-1,-1
-1,-1
245630,5
-1,-1
-1,-1
-1,-1
-1,-1
-1,-1
-1,-1
319440,10
396713,28
304458,14
-1,-1
-1,-1
-1,-1
343737,11
92507,141
419833,12
-1,-1
514065,12
-1,-1
-1,-1
-1,-1
-1,-1
-1,-1
54106,31
-1,-1
-1,-1
-1,-1
228766,14
-1,-1
-1,-1
-1,-1
252618,56
-1,-1
-1,-1
-1,-1
-1,-1
-1,-1
-1,-1
-1,-1
-1,-1
-1,-1
-1,-1
-1,-1
-1,-1
-1,-1
-1,-1
497967,10
348367,255
48570,184
-1,-1
