236115,2032,134021526
509372,91,6070835
520363,90,5359828
380705,99,13301034
612673,96,9830586
852352,89,4845503
391806,80,2074935
276322,99,13461337
143998,99,13302988
413064,85,3262494
64875,99,13326934
545901,81,2228063
417529,90,5480870
413391,82,2495208
116944,92,7086980
327850,84,3019849
334117,82,2550936
86575,94,7963920
285010,85,3282848
533227,84,3154151
487918,84,3205974
139157,87,4339305
268471,83,2788789
536201,77,1588159
-1,-1
-1,-1
-1,-1
-1,-1
-1,-1
-1,-1
388522,107
196491,18
212926,24
436110,19
395530,39
386267,4
244885,3
332746,500
-1,-1
90810,680
249816,70
-1,-1
-1,-1
-1,-1
650712,33
-1,-1
-1,-1
-1,-1
-1,-1
264344,5
-1,-1
-1,-1
-1,-1
-1,-1
-1,-1
-1,-1
338265,10
415909,28
321241,14
-1,-1
-1,-1
-1,-1
373704,11
98195,141
444327,12
-1,-1
546639,12
-1,-1
-1,-1
-1,-1
-1,-1
-1,-1
55272,31
-1,-1
-1,-1
-1,-1
251050,14
-1,-1
-1,-1
-1,-1
277344,56
-1,-1
-1,-1
-1,-1
-1,-1
-1,-1
-1,-1
-1,-1
-1,-1
-1,-1
-1,-1
-1,-1
-1,-1
-1,-1
-1,-1
525933,10
368134,255
51322,184
-1,-1
