294693,2057,144938312
574577,93,7669966
636341,90,5444715
499931,99,13341961
735328,96,10642939
1005116,89,5334887
468371,82,2437854
376075,99,13640494
188081,99,13323321
475651,86,3811272
89928,99,13328708
669344,81,2236183
540415,90,5511979
419699,86,3779060
166770,92,7124509
282730,91,6176552
427175,83,2773920
132633,94,8011776
370258,86,3618485
634994,85,3436160
625384,85,3374616
190560,88,4434043
291392,86,3819615
699588,78,1665297
-1,-1
-1,-1
-1,-1
-1,-1
-1,-1
-1,-1
493330,107
295418,18
289350,24
528531,19
485177,39
483560,4
305931,3
478733,500
-1,-1
121354,680
427075,73
-1,-1
-1,-1
-1,-1
-1,-1
-1,-1
-1,-1
-1,-1
795399,33
-1,-1
-1,-1
-1,-1
-1,-1
336785,5
-1,-1
-1,-1
-1,-1
-1,-1
-1,-1
-1,-1
422865,10
531079,28
399264,14
-1,-1
-1,-1
-1,-1
-1,-1
502880,11
135440,141
578755,12
-1,-1
658753,12
-1,-1
-1,-1
-1,-1
-1,-1
-1,-1
-1,-1
66897,31
-1,-1
-1,-1
-1,-1
355917,14
-1,-1
326054,20
-1,-1
-1,-1
-1,-1
419435,56
-1,-1
-1,-1
-1,-1
-1,-1
-1,-1
-1,-1
-1,-1
-1,-1
-1,-1
-1,-1
-1,-1
-1,-1
-1,-1
-1,-1
-1,-1
-1,-1
677909,10
476350,255
-1,-1
46838,295
-1,-1
