238963,2038,136463453
489291,92,6815743
532164,90,5369518
391186,99,13307694
617733,96,10098123
868464,89,4877010
363945,81,2378415
287729,99,13476256
147020,99,13315029
383848,86,3597848
67298,99,13327706
559722,81,2228063
429163,90,5507270
411409,83,2685611
122423,92,7113301
337800,84,3141026
341798,82,2651217
90628,94,8004181
295801,85,3289954
546386,84,3161659
499447,85,3293053
141810,88,4424113
277204,83,2804858
554239,77,1595805
-1,-1
-1,-1
-1,-1
-1,-1
-1,-1
-1,-1
399211,107
206763,18
220164,24
446965,19
404768,39
396260,4
249133,3
350071,500
-1,-1
94237,680
264225,73
-1,-1
-1,-1
-1,-1
666042,33
-1,-1
-1,-1
-1,-1
-1,-1
275090,5
-1,-1
-1,-1
-1,-1
-1,-1
-1,-1
-1,-1
348970,10
428266,28
331021,14
-1,-1
-1,-1
-1,-1
390967,11
102412,141
459492,12
-1,-1
562912,12
-1,-1
-1,-1
-1,-1
-1,-1
-1,-1
56345,31
-1,-1
-1,-1
-1,-1
263951,14
-1,-1
134054,20
-1,-1
-1,-1
292651,56
-1,-1
-1,-1
-1,-1
-1,-1
-1,-1
-1,-1
-1,-1
-1,-1
-1,-1
-1,-1
-1,-1
-1,-1
-1,-1
-1,-1
544714,10
380496,255
43796,221
-1,-1
