633951,1932,66738640
945582,87,3981184
938159,85,3291029
1240005,90,5415119
1129978,91,6483583
1103076,90,5409865
1400624,70,751907
1269746,86,3616693
649949,90,5614147
868323,80,1995718
1204868,72,985744
458883,87,4290846
1506321,73,1051695
496031,86,3631569
891809,74,1150572
575182,84,3163092
864717,72,984189
1147256,72,913702
577278,81,2195638
1238343,72,907458
744489,84,3166722
754782,68,612231
518887,81,2299284
970647,71,854967
167551,86,3971686
-1,0
-1,0
-1,0
-1,0
-1,0
-1,0
-1,0
699002,69
1192235,3
1433163,2
627684,17
506738,43
549327,4
-1,0
193797,634
-1,2500
-1,0
544800,68
-1,0
-1,227
-1,0
-1,0
218834,21
-1,0
-1,0
344602,200
-1,0
-1,0
-1,0
-1,0
-1,0
-1,0
-1,0
-1,0
-1,1
-1,0
-1,0
216616,41
-1,2
426639,93
-1,2
254527,25
-1,0
-1,0
-1,0
-1,0
-1,0
515463,22
-1,0
-1,1
-1,0
-1,0
-1,0
90578,235
-1,0
-1,0
-1,0
-1,0
-1,0
-1,0
376895,25
-1,0
223430,64
-1,0
-1,1
-1,0
-1,0
814596,23
-1,4
-1,4
159505,46
-1,0
211878,110
-1,0
-1,0
-1,0
-1,0
351500,5
-1,0
-1,0
-1,1
-1,0
-1,0
-1,0
640041,50
1433967,37
-1,0
235223,38
-1,0
