1134297,1513,14435866
1707933,70,742954
1846223,61,319798
1825794,71,863953
1998816,70,766679
-1,1,-1
1622603,54,155306
1891004,69,696321
1455640,70,754672
961356,73,1084968
1526160,60,294656
987187,72,921558
1361204,68,629330
1292492,65,468895
1242114,63,380573
603476,78,1650290
1058980,60,292177
1227617,66,541477
1138564,59,261324
1449235,58,243838
704770,78,1660446
795281,60,282402
683906,72,907453
1159345,53,139746
-1,-1
-1,-1
-1,-1
-1,-1
-1,-1
-1,-1
781201,30
893045,3
1219166,2
517503,16
715625,9
-1,-1
-1,-1
-1,-1
-1,-1
-1,-1
364684,50
-1,-1
-1,-1
-1,-1
-1,-1
-1,-1
-1,-1
-1,-1
-1,-1
-1,-1
-1,-1
-1,-1
-1,-1
-1,-1
-1,-1
-1,-1
163837,41
-1,-1
431856,36
-1,-1
-1,-1
-1,-1
-1,-1
-1,-1
-1,-1
510662,11
-1,-1
-1,-1
-1,-1
-1,-1
-1,-1
-1,-1
-1,-1
-1,-1
-1,-1
-1,-1
-1,-1
-1,-1
-1,-1
-1,-1
-1,-1
-1,-1
-1,-1
-1,-1
499417,23
-1,-1
-1,-1
-1,-1
-1,-1
-1,-1
-1,-1
-1,-1
-1,-1
-1,-1
-1,-1
-1,-1
-1,-1
-1,-1
-1,-1
-1,-1
1288586,16
-1,-1
-1,-1
