775703,1761,39710364
998058,82,2421172
1029037,80,1987325
1253663,84,3057558
1178979,86,3723008
1280235,82,2463116
1149372,70,751403
1156694,84,3012221
1144652,73,993047
862413,76,1401426
1005572,72,984944
1003249,73,1002317
1231061,73,1051695
417813,85,3322652
743691,73,1079516
491744,82,2531108
709230,72,922487
913108,72,913682
713109,73,1085556
1094100,71,822192
630799,82,2628696
690868,65,457602
407899,81,2296956
798094,70,800685
-1,-1
-1,-1
-1,-1
-1,-1
-1,-1
-1,-1
605734,63
958223,3
1264768,2
533882,17
466425,37
463594,4
-1,-1
161850,634
-1,-1
-1,-1
426624,50
-1,-1
-1,-1
-1,-1
57477,21
-1,-1
-1,-1
292076,200
-1,-1
-1,-1
-1,-1
-1,-1
-1,-1
-1,-1
-1,-1
-1,-1
-1,-1
-1,-1
176854,41
-1,-1
342918,93
-1,-1
206993,25
-1,-1
-1,-1
-1,-1
-1,-1
427695,20
-1,-1
-1,-1
-1,-1
-1,-1
-1,-1
17773,235
-1,-1
-1,-1
-1,-1
-1,-1
-1,-1
-1,-1
284464,25
-1,-1
136522,64
-1,-1
-1,-1
-1,-1
560611,23
-1,-1
-1,-1
76487,25
-1,-1
-1,-1
-1,-1
-1,-1
-1,-1
248556,5
-1,-1
-1,-1
-1,-1
-1,-1
-1,-1
-1,-1
618327,11
1210787,37
183795,38
-1,-1
