1165488,1503,14461119
1532847,71,849577
1524630,70,745935
1978373,70,752130
1884481,72,943771
-1,1,-1
-1,1,-1
1774240,71,862013
1767323,65,474336
1069974,72,938588
1151382,70,738902
1405690,65,491127
-1,1,-1
1637397,60,289910
1253909,63,387045
629877,77,1592599
961004,65,456864
972702,70,812014
1222435,57,211905
1655678,53,136654
694829,79,1809304
838370,59,270262
1091837,63,405633
891848,68,608046
-1,-1
-1,-1
-1,-1
-1,-1
-1,-1
-1,-1
1690609,2
1343427,1
1462250,1
-1,-1
-1,-1
-1,-1
-1,-1
-1,-1
-1,-1
-1,-1
448741,35
-1,-1
-1,-1
-1,-1
-1,-1
-1,-1
-1,-1
-1,-1
-1,-1
-1,-1
-1,-1
-1,-1
-1,-1
-1,-1
-1,-1
-1,-1
-1,-1
-1,-1
-1,-1
-1,-1
-1,-1
-1,-1
-1,-1
-1,-1
-1,-1
-1,-1
-1,-1
-1,-1
-1,-1
-1,-1
-1,-1
-1,-1
-1,-1
-1,-1
-1,-1
-1,-1
-1,-1
-1,-1
-1,-1
-1,-1
-1,-1
-1,-1
-1,-1
-1,-1
-1,-1
-1,-1
-1,-1
-1,-1
-1,-1
-1,-1
-1,-1
-1,-1
-1,-1
-1,-1
-1,-1
-1,-1
-1,-1
-1,-1
-1,-1
-1,-1
-1,-1
-1,-1
-1,-1
