1313102,1612,21858079
1749395,75,1211612
1601666,75,1210605
-1,75,1210720
1953912,78,1680690
-1,75,1210499
-1,55,174204
-1,75,1210926
1475911,71,867296
1368537,72,972987
1360945,70,773300
1577103,68,612794
1767365,68,634904
1936909,61,315766
1470574,68,639866
844654,79,1801392
1178779,69,714070
1276660,71,822723
1082762,72,907602
1982747,54,157274
749719,84,3155718
1154524,59,270262
1314493,67,563657
1164201,70,739212
-1,1,0
-1,-1
-1,-1
-1,-1
-1,-1
-1,-1
-1,-1
-1,-1
1812361,5
1582470,2
1464726,2
-1,-1
1392342,1
-1,-1
-1,-1
-1,-1
-1,-1
-1,-1
746663,35
-1,-1
-1,-1
-1,-1
-1,-1
-1,-1
-1,-1
-1,-1
-1,-1
-1,0
-1,-1
-1,-1
-1,-1
-1,-1
-1,-1
-1,-1
-1,-1
-1,-1
-1,-1
-1,-1
-1,-1
-1,-1
-1,-1
-1,-1
-1,-1
-1,-1
-1,-1
-1,-1
-1,-1
-1,-1
-1,-1
-1,-1
-1,-1
-1,-1
-1,-1
-1,-1
-1,-1
-1,-1
-1,0
-1,-1
-1,-1
-1,-1
-1,-1
-1,-1
-1,-1
-1,-1
-1,-1
-1,-1
-1,-1
-1,-1
-1,-1
-1,-1
-1,-1
-1,-1
-1,-1
-1,-1
-1,-1
-1,-1
-1,-1
-1,-1
-1,-1
-1,-1
-1,-1
-1,-1
-1,-1
-1,-1
-1,-1
-1,-1
-1,-1
1457558,35
-1,-1
-1,-1
-1,-1
