1170517,1611,21858079
1607175,75,1211612
1466583,75,1210605
1963855,75,1210720
1799011,78,1680690
1902880,75,1210499
1850753,55,174204
1888120,75,1210926
1356524,71,867296
1229683,72,972987
1250787,70,773300
1463459,68,612794
1627175,68,634904
1793734,61,315766
1334400,68,639866
742197,79,1801392
1063883,69,714070
1155882,71,822723
959050,72,907602
1844551,54,157274
670375,84,3155718
1039119,59,270262
1190024,67,563657
1042318,70,739212
-1,-1
-1,-1
-1,-1
-1,-1
-1,-1
-1,-1
1684847,5
1470044,2
1386006,2
-1,-1
1312739,1
-1,-1
-1,-1
-1,-1
-1,-1
-1,-1
642313,35
-1,-1
-1,-1
-1,-1
-1,-1
-1,-1
-1,-1
-1,-1
-1,-1
-1,-1
-1,-1
-1,-1
-1,-1
-1,-1
-1,-1
-1,-1
-1,-1
-1,-1
-1,-1
-1,-1
-1,-1
-1,-1
-1,-1
-1,-1
-1,-1
-1,-1
-1,-1
-1,-1
-1,-1
-1,-1
-1,-1
-1,-1
-1,-1
-1,-1
-1,-1
-1,-1
-1,-1
-1,-1
-1,-1
-1,-1
-1,-1
-1,-1
-1,-1
-1,-1
-1,-1
-1,-1
-1,-1
-1,-1
-1,-1
-1,-1
-1,-1
-1,-1
-1,-1
-1,-1
-1,-1
-1,-1
-1,-1
-1,-1
-1,-1
-1,-1
-1,-1
-1,-1
-1,-1
-1,-1
-1,-1
-1,-1
1360397,35
-1,-1
-1,-1
-1,-1
