49779,2364,1130619405
1694,99,111243872
3320,99,55996922
3373,99,190319896
1590,99,200000000
3463,99,184335741
39181,99,13565385
2846,99,96755318
233429,99,13221313
38020,99,18551528
88310,99,13456024
198035,98,12142746
267893,99,13068237
39104,99,14902455
94197,99,13124961
139923,99,13137246
27647,99,14479301
134651,96,10115988
134748,99,13285208
1649,99,68466266
171563,99,14574264
138350,94,8489990
83806,99,13269827
17150,99,13634958
76966,96,10481959
-1,0
-1,0
-1,0
-1,0
-1,0
-1,0
142488,4
50518,1093
44408,193
64622,155
145416,136
104514,231
150396,38
5111,340
50359,1369
-1,1304
-1,0
88035,337
54742,35340
21009,831
3205,2622
9646,3266
39574,110
15547,1715
89248,86
162898,396
66183,612
1232,374
12697,1834
5668,1458
7435,3560
3727,1931
2538,734
113626,49
56696,117
11774,1203
694,6051
14774,354
771,5370
1371,5088
769,5438
129002,25
38231,20
30707,827
8554,2159
130205,314
12341,1196
402114,31
25087,517
32457,971
20502,4929
16982,892
18647,635
110739,186
4947,28
1310,8269
5892,588
20811,155
560,368
4548,1116
5652,2830
16961,394
18617,782
48283,144
593,276
-1,2
18093,765
166000,161
227038,16
155579,194
9797,441
50602,109
3656,971
9660,852
3400,1540
1736,579
157074,423
4380,302
38899,219
74845,1
15393,36
37608,973
6745,1537
4532,1360
90200,999
411868,343
3458,1299
9102,1051
31589,2811
