67573,2211,743973466
2172,99,69112616
2963,99,46541038
3846,99,112277188
2027,99,141656120
5287,99,114876685
26142,99,13409723
3603,99,56845380
171318,99,13150659
61583,99,13601145
234973,95,9063414
169037,93,7922927
358845,91,6505189
59054,99,13611474
134199,90,5611423
121963,93,7827194
24377,99,13438295
123653,89,4852993
210432,90,5517606
1643,99,48294539
154544,99,13359715
111587,90,5470285
101197,94,7957670
62693,99,13070188
-1,-1
-1,-1
-1,-1
-1,-1
-1,-1
147812,4
100244,441
589110,4
157408,32
129543,101
390502,38
152182,22
3927,244
210024,514
-1,-1
-1,-1
143841,136
6228,1531
7797,3000
62308,12
147615,329
1958,199
16367,520
3568,823
5327,3337
5009,1513
3519,387
81927,49
62963,70
9898,1025
371,5852
10903,293
820,4479
1333,4122
837,4520
63240,25
14296,335
8118,1864
88124,308
8048,1040
255719,31
45794,258
30194,807
16451,4542
14192,734
22189,380
3292,20
730,6388
8501,412
13251,128
18583,43
8324,444
15640,499
22048,200
437,207
5529,655
90582,148
132269,16
96109,100
13381,86
5247,387
6634,798
2858,251
114704,388
2494,298
24022,133
64846,1
12594,32
7110,965
11525,738
3398,990
71379,920
351198,257
12673,529
44544,1969
