54760,2368,1146067946
1707,99,111893495
3424,99,56169940
3507,99,192543317
1578,99,200000000
3397,99,187392317
41003,99,13565420
2866,99,100014962
237743,99,13228908
40095,99,18552308
90507,99,13456024
202161,98,12455142
274166,99,13068777
40186,99,14915264
95892,99,13129296
143184,99,13153469
29206,99,14480243
136024,97,11099392
136715,99,13298358
1662,99,70469428
175189,99,14661017
143344,94,8573489
86688,99,13271546
18318,99,13641297
85850,99,13034537
-1,0
-1,0
-1,0
-1,0
-1,0
-1,0
141977,4
43793,1238
47952,194
66153,159
149649,136
54595,337
82014,69
5408,343
50871,1371
-1,1304
-1,0
92591,338
59021,35340
19387,869
3451,2622
9964,3266
43086,110
17145,1719
93846,86
166275,396
80744,612
1144,374
11859,1890
5906,1458
7674,3560
3767,1935
2711,734
116407,49
58514,117
12126,1203
605,6051
15403,354
788,5483
1312,5203
769,5554
137244,25
45116,20
33960,827
8550,2185
135138,314
13228,1196
416042,31
25686,517
33192,972
21033,4929
17532,892
19530,635
125084,186
4810,30
1212,8269
5927,588
22206,155
603,368
4372,1176
6277,2830
17578,394
18835,782
25924,352
649,276
-1,2
19002,765
173585,161
233554,16
152507,218
11056,441
54378,109
4065,971
10437,852
3596,1540
1886,579
160950,423
4492,302
34601,256
75991,1
15843,36
40585,973
4991,1921
3895,1410
92317,999
418896,343
4269,1309
9510,1051
30068,2931
