71312,2218,795178696
1736,99,80722303
2967,99,48017177
4241,99,115869734
1924,99,153081108
5154,99,122342038
29532,99,13425583
3336,99,63356027
182263,99,13154844
34741,99,15560240
249518,95,9161891
175940,94,8171575
373484,92,6751657
61328,99,13683326
147154,90,5630338
135769,94,8320713
23013,99,13571021
114417,90,5714261
161649,93,7866962
1641,99,50310566
153552,99,13540050
115341,90,5785638
110570,94,7993204
40963,99,13148440
-1,-1
-1,-1
-1,-1
-1,-1
-1,-1
146793,4
96313,483
631647,4
92357,60
131721,106
407590,38
161854,22
4194,253
237534,514
-1,-1
-1,-1
143965,161
6673,1531
8342,3003
79370,14
155855,330
2240,199
12685,795
4689,917
5645,3356
4196,1669
2717,492
86521,49
67134,70
9567,1092
479,5862
11818,293
861,4524
1390,4169
873,4568
67152,25
18340,466
7828,2013
96125,308
8804,1043
275190,31
48718,258
31657,810
17927,4542
15344,734
21753,402
3868,20
923,6514
8418,416
14030,128
20389,43
8489,507
16613,524
12674,368
6636,564
434,221
7482,721
103511,148
148927,16
111101,101
20126,102
5136,638
5341,958
3195,269
122405,388
2978,298
26823,155
64964,1
13635,32
12833,970
7436,1180
3897,1076
75882,920
375200,257
13404,536
33153,2448
