76207,2268,1080598182
1521,99,109110438
3072,99,55276623
3826,99,172326921
1597,99,200000000
3607,99,174760318
35246,99,13564137
2816,99,91574786
223165,99,13211183
34708,99,18538293
81037,99,13456024
187090,98,12058257
262178,99,13062225
37075,99,14872534
90891,99,13102803
131133,99,13117267
27526,99,14300322
126473,96,9929190
128320,99,13274004
1589,99,65733334
170834,99,14279985
130748,94,8252923
78401,99,13267899
15611,99,13528716
-1,-1
-1,-1
-1,-1
-1,-1
-1,-1
-1,-1
142827,4
54276,970
48489,148
67226,134
139255,133
144879,177
142007,38
4543,340
47743,1388
-1,-1
-1,-1
86571,319
47002,35340
20532,772
6607,1849
9139,3266
32427,110
18466,1406
81060,86
157015,396
886,374
10962,1834
4944,1458
6977,3560
3760,1885
2272,728
107939,49
52844,117
11805,1174
589,6051
13393,354
731,5370
1241,5088
727,5438
111333,25
26264,18
26027,827
8198,2159
124696,314
10920,1196
375807,31
24052,517
30866,971
19590,4923
16016,892
17021,635
84960,186
4346,28
1454,7373
5891,584
19083,155
508,368
4084,1113
10271,1621
15916,394
17606,782
574,269
-1,-1
16124,765
150688,161
213547,16
152479,162
7173,441
45418,109
2741,971
8616,852
3579,1448
1822,537
149567,423
4178,302
39361,198
72589,1
14540,36
33331,970
6542,1537
3671,1360
86187,999
394473,343
10938,746
8348,1051
30560,2811
