47286,2362,1114700500
1648,99,110912080
3264,99,55760948
3684,99,182349112
1589,99,200000000
3465,99,182079953
38292,99,13565085
2910,99,95014061
230485,99,13220873
37243,99,18549033
87120,99,13456024
195599,98,12142436
265852,99,13067426
39229,99,14879319
93239,99,13124631
141286,99,13118323
27010,99,14479271
133418,96,9973361
133702,99,13280617
1643,99,67691245
169934,99,14540210
137753,94,8253863
82576,99,13268740
16792,99,13630684
76307,94,8343205
-1,0
-1,0
-1,0
-1,0
-1,0
-1,0
142563,4
49027,1093
42035,193
62585,155
143519,136
102984,231
148032,38
4949,340
49851,1369
-1,1304
-1,0
94708,319
52848,35340
20526,823
3247,2585
9510,3266
37630,110
21027,1442
87199,86
161233,396
1223,374
12285,1834
5483,1458
7302,3560
3735,1920
2471,730
112151,49
55611,117
12216,1174
718,6051
14358,354
761,5370
1344,5088
761,5438
124633,25
35377,18
29407,827
8470,2159
128735,314
11986,1196
396208,31
24822,517
32068,971
20258,4929
16743,892
18222,635
104521,186
4775,28
1294,8213
5876,588
20213,155
547,368
4431,1116
11379,1621
16658,394
18350,782
37973,144
575,276
-1,2
17545,765
163174,161
223894,16
152615,193
9060,441
49174,109
3420,971
9373,852
3391,1529
1684,578
155187,423
4319,302
41937,198
74293,1
15182,36
36473,973
6697,1537
4490,1360
89184,999
409241,343
5582,1080
8924,1051
31376,2811
