64933,2208,696932576
2736,99,61742195
2922,99,45727672
4427,99,100771269
2349,99,130049266
5318,99,109869794
33082,99,13182784
4515,99,50136731
175347,99,13119113
59200,99,13582634
225569,95,9059635
161877,93,7904119
345363,91,6501016
59230,99,13540713
126302,90,5579103
128337,92,6898672
23622,99,13413504
118321,88,4790972
200263,90,5498213
1792,99,45940992
148296,99,13337483
106484,90,5427119
97003,93,7794829
61875,99,13064748
-1,-1
-1,-1
-1,-1
-1,-1
148084,4
104083,413
567673,4
151946,32
124914,101
380575,38
146918,22
4516,216
-1,-1
-1,-1
-1,-1
129832,132
6024,1529
7528,3000
52735,9
142281,328
1987,190
18378,433
2539,787
5534,3237
4932,1501
3335,382
79467,49
60935,70
9767,1009
598,4305
10448,293
854,4349
1402,3990
883,4387
60788,25
7745,1846
84105,308
7893,1024
250634,30
44069,258
29252,807
15698,4539
14276,714
22927,364
3376,19
720,5847
8575,408
13267,119
17870,43
6260,439
14751,499
22405,187
508,190
3859,655
83066,148
147026,9
147002,5
9054,628
2982,226
110800,385
2322,292
20395,130
-1,-1
12118,32
12304,659
3427,886
71160,905
337922,257
12046,529
43714,1969
