63605,2206,663494912
3448,99,55826314
3057,99,44429528
5017,99,93264975
2743,99,121753740
5402,99,106134204
32337,99,13174556
5456,99,45817697
172860,99,13114735
57450,99,13534018
220453,95,9047747
158396,93,7833282
339559,91,6368409
58145,99,13523002
122619,90,5567238
124795,92,6836960
24583,99,13368497
114721,88,4779274
199305,89,5296943
1888,99,44455932
151256,99,13267317
108060,89,5270942
94161,93,7782522
66918,99,13047080
-1,-1
-1,-1
-1,-1
-1,-1
148327,4
121620,355
553853,4
448162,9
122162,101
374073,38
146292,21
5792,182
-1,-1
-1,-1
-1,-1
132377,116
5849,1529
7315,3000
-1,-1
138510,328
1886,190
17610,433
3526,510
5465,3216
5040,1475
3422,363
86895,39
118378,32
9975,988
11609,580
15184,222
872,4269
1420,3907
905,4303
59029,25
7499,1837
81751,308
7844,1005
259987,27
42795,258
32122,744
16296,4438
13910,714
22388,364
3970,17
673,5816
8604,405
13275,107
23422,35
7038,363
14970,472
88803,31
522,184
-1,-1
83104,141
132363,9
138821,5
10335,556
3646,178
107896,385
2219,288
18486,126
-1,-1
11772,32
15026,534
4662,646
89888,722
335227,252
13856,473
42919,1966
