71761,2262,550797123
37921,99,29061215
39425,99,22815875
34478,99,58072206
26465,99,78001236
24520,99,82964433
16329,99,14044153
38585,99,33522540
194995,99,13259634
16918,99,25209023
69511,99,13457703
66408,99,13594368
23079,99,19306643
162689,99,13099780
138341,96,9965454
166267,97,11209012
149399,96,10082846
115009,96,9717328
45716,99,15751915
56712,99,19151731
72286,99,18396394
114342,95,8946550
25394,99,17872553
27474,99,13294531
-1,-1
-1,-1
-1,-1
-1,-1
-1,-1
-1,-1
93,19423
245,1540
437,3528
99,11508
1026,1477
412,696
770,674
194188,611
-1,-1
44790,2432
238892,159
159049,648
1728,1145
62716,516
54451,1264
47017,54
121653,82
67074,101
5014,1759
26866,52
3167,4840
35700,348
111773,659
60149,376
13891,232
67329,82
45162,126
120309,135
70556,119
4667,564
76523,402
169847,270
75734,407
83473,25
-1,-1
223782,142
44218,1000
55029,349
21947,191
17483,630
29837,950
103842,2370
100339,124
89192,160
155087,49
376,65
48809,484
70933,26
15338,178
42858,31
28594,396
906,5788
17084,348
33416,329
95704,43
-1,-1
117388,20
447455,47
64110,52
112528,235
95314,29
-1,-1
21294,360
-1,-1
52490,100
-1,-1
73015,942
5606,270
14393,388
-1,-1
-1,-1
77666,110
878,4621
3264,1464
182956,473
434249,274
37599,151
104277,122
117540,1028
