70991,2260,540699119
37968,99,28764886
38644,99,22683202
32973,99,57382309
26446,99,76194845
25486,99,80408874
16024,99,14032422
39116,99,32145033
191104,99,13259634
16603,99,25099784
68399,99,13456892
64767,99,13594368
22490,99,19293643
175580,99,13063807
138536,95,9272701
161908,97,11187372
145617,96,10058218
112221,96,9697616
45484,99,15631347
56207,99,18922160
71473,99,18318070
114884,94,8466384
29860,99,16473001
27036,99,13292551
-1,-1
-1,-1
-1,-1
-1,-1
-1,-1
-1,-1
91,19336
235,1539
428,3511
87,11495
1049,1430
395,691
743,670
190579,611
-1,-1
43694,2432
300500,111
151788,648
1720,1128
59630,516
53624,1264
42823,54
112017,82
65241,101
4839,1759
26279,52
2866,4840
34378,348
109728,659
59704,376
13861,228
66518,82
44424,126
118621,135
69910,119
4573,564
75647,402
167337,270
74877,407
82610,25
-1,-1
221684,142
43476,1000
53931,349
22821,185
17279,630
29497,950
102418,2370
98900,124
87333,160
142068,49
361,65
50695,450
70160,26
14940,178
42035,31
27484,396
846,5788
16833,348
31368,329
93792,43
-1,-1
113790,20
435542,47
63290,52
109886,235
89985,29
-1,-1
16780,360
-1,-1
51951,97
-1,-1
71981,942
5731,265
13636,388
-1,-1
-1,-1
73414,110
872,4583
3336,1407
185123,457
427214,274
102254,122
115753,1028
