62734,2357,599846140
38483,99,30700230
40881,99,24216447
41427,99,64050277
29785,99,86506567
23584,99,97214115
20889,99,14119118
47588,99,36285172
228162,99,13265279
20769,99,26088816
84138,99,13526318
79600,99,13599790
27282,99,19440996
192952,99,13104070
163218,97,10794943
175735,99,13043455
181372,96,10193131
142077,96,9784856
42361,99,17147304
58587,99,20982393
89044,99,18532735
137594,95,9233580
30125,99,17892886
35662,99,13391339
117371,92,6732323
-1,0
-1,0
-1,0
-1,0
-1,0
-1,0
-1,0
90,22429
336,1669
361,5056
85,12514
1312,1670
626,757
843,763
218891,611
-1,2500
49392,2432
286872,179
129918,11835
2159,1302
87683,530
63220,1264
101685,54
105786,495
86658,101
5672,1763
142012,313
34880,52
3761,4950
49057,348
136789,659
66225,376
17516,240
77126,82
54495,126
135773,135
68306,135
6072,567
75848,446
166950,313
74644,451
142773,25
-1,0
-1,1
245348,142
47015,1055
76132,349
26654,194
19823,630
34074,953
97932,2607
114565,124
108505,160
295530,49
490,73
-1,0
24177,1268
78675,27
18766,203
52133,31
39827,396
1540,5856
20220,348
30617,500
66767,145
111084,43
-1,0
149945,20
597292,47
73828,52
145715,235
150450,51
70684,56
56834,367
-1,1
62537,103
-1,0
70787,1082
5320,287
18511,394
-1,0
-1,4
101693,153
935,4678
3395,1534
160630,621
492140,274
67052,235
125436,122
80597,1527
