50776,2240,466183843
33067,99,26415267
33084,99,21175834
26032,99,43438363
18500,99,65913559
18026,99,71578779
48918,99,13145339
26588,99,28045007
145820,99,13226460
13175,99,21821270
53001,99,13398275
49775,99,13546743
21256,99,17324146
169582,94,8126658
95200,94,8305522
99410,95,9321548
108977,93,7793606
91154,91,6475497
131664,95,9072038
57427,99,15659315
49556,99,17906180
80233,94,8290201
57909,99,13080544
41645,99,13123692
-1,-1
-1,-1
-1,-1
-1,-1
-1,-1
78,15871
145,1352
311,2592
97,9694
710,1152
243,535
550,546
162615,536
-1,-1
28760,2432
170520,95
48344,481
43181,1180
23164,101
4519,1646
17230,50
1254,2983
8916,348
124412,357
48649,369
12994,121
51395,82
32110,126
86011,134
67069,102
2829,564
62023,402
132366,270
61869,407
67066,25
-1,-1
173630,141
34243,861
38944,335
15933,175
14903,581
42699,615
88209,2175
80481,102
61489,160
105,59
32758,422
57181,26
23108,27
30178,30
8115,396
267,5788
11896,348
66391,43
44887,20
284180,47
44347,52
60777,216
-1,-1
-1,-1
37540,77
-1,-1
68256,743
3404,262
5205,364
-1,-1
-1,-1
-1,-1
962,3349
3016,998
160242,415
322417,274
72424,118
110908,878
