32311,2334,572229047
39118,99,29567402
41410,99,23217445
38569,99,60199083
28205,99,81854449
23956,99,90463302
17879,99,14102326
43023,99,34659296
210693,99,13264941
18190,99,26083169
76830,99,13525619
73220,99,13599035
24892,99,19436659
177975,99,13102516
149651,97,10794282
159513,99,13039384
163900,96,10191782
129239,96,9774907
47776,99,16123177
60641,99,19704861
80139,99,18438006
125793,95,9143405
27598,99,17884107
30119,99,13352128
58997,69,707766
-1,0
-1,0
-1,0
-1,0
-1,0
-1,0
-1,0
106,20421
311,1544
557,3552
97,12339
1201,1552
533,713
779,721
212745,611
-1,2500
47033,2432
249336,179
104344,11835
1602,1253
74269,530
58409,1264
76873,54
115499,280
75580,101
5511,1761
31217,52
3247,4950
41548,348
123716,659
62646,376
15131,239
71649,82
49579,126
127654,135
73290,119
5245,567
72074,446
156653,313
71208,451
119236,25
-1,0
-1,1
233282,142
47097,1000
64566,349
23713,194
18619,630
31960,951
109578,2370
107070,124
98671,160
230145,49
496,65
31150,917
73906,26
16822,194
47573,31
33918,396
1215,5788
18456,348
44762,329
-1,0
103632,43
-1,0
131647,20
532468,47
69067,52
128158,235
108626,51
-1,1
41599,360
-1,1
56191,103
-1,0
66036,1082
5469,278
16077,390
-1,0
-1,4
85212,153
875,4621
3611,1466
195254,473
467753,274
47723,216
114271,122
124067,1028
