49762,2240,466170499
32587,99,26408435
32615,99,21175431
24995,99,43438363
17875,99,65910256
17258,99,71576081
39228,99,13145339
25740,99,28045007
143213,99,13226460
12931,99,21821270
52194,99,13398275
48847,99,13546743
20977,99,17324146
166658,94,8126658
93584,94,8305522
97490,95,9321548
106934,93,7793606
89651,91,6475481
129703,95,9072038
56671,99,15659315
48675,99,17906180
79222,94,8290201
56651,99,13080512
41002,99,13123632
-1,-1
-1,-1
-1,-1
-1,-1
-1,-1
69,15869
139,1352
307,2592
89,9694
696,1151
231,535
540,545
158205,536
-1,-1
28148,2432
164723,95
47849,481
42621,1180
21078,101
4447,1646
16896,50
1246,2983
7874,348
122970,357
48275,369
12779,121
50900,82
31781,126
84931,134
66547,102
2782,564
61538,402
130959,270
61429,407
66262,25
171165,141
33720,861
38420,335
15628,175
14734,581
42360,615
87174,2175
79688,102
60801,160
102,59
32134,422
56732,26
22490,27
29823,30
7359,396
264,5788
11692,348
65555,43
41469,20
278575,47
43308,52
58072,216
37198,77
-1,-1
67392,743
3258,262
4835,364
-1,-1
-1,-1
944,3349
2924,998
158307,415
318852,274
71479,118
109762,878
