63891,2259,527346281
38245,99,27897389
36797,99,22457517
30513,99,54441778
24362,99,74026632
23483,99,78667846
24272,99,13627885
35695,99,31532236
183270,99,13240790
14877,99,25095211
64253,99,13455901
61480,99,13562641
26055,99,17623321
166127,99,13057962
128205,95,9155125
147804,97,10730340
134058,96,9874186
102515,95,9287645
49442,99,14967732
53549,99,18360928
65655,99,18303346
105534,94,8448524
27996,99,16241455
24422,99,13289891
-1,-1
-1,-1
-1,-1
-1,-1
-1,-1
-1,-1
80,18590
207,1503
361,3486
93,10905
837,1388
312,667
657,641
176770,611
-1,-1
41130,2432
261532,111
120356,648
59994,481
50688,1264
-1,-1
80391,78
57190,101
4609,1758
23888,52
2125,4599
29297,348
132412,483
57386,375
12421,225
63077,82
41347,126
111402,134
67578,119
4073,564
72491,402
158922,270
71867,407
79432,25
-1,-1
212860,142
40338,1000
52326,335
20849,184
16449,630
28210,949
97090,2370
93310,124
79620,160
126717,32
259,64
47271,448
66486,26
14416,161
38780,31
22700,396
565,5788
15795,348
28387,305
87565,43
-1,-1
99774,20
400477,47
59737,52
99413,235
-1,-1
-1,-1
-1,-1
49388,82
-1,-1
86000,743
5295,265
12123,382
-1,-1
-1,-1
60304,109
809,4550
3481,1305
180159,439
403266,274
94571,122
110149,1028
