53428,2357,599420935
37429,99,30652651
38784,99,24215714
38411,99,63997559
27436,99,86404900
22117,99,97014117
19555,99,14119118
43352,99,36263903
220273,99,13265199
19417,99,26088816
81518,99,13526318
76991,99,13599140
26325,99,19440956
186071,99,13104070
156683,97,10794943
166756,99,13043455
173593,96,10193131
135902,96,9784782
41213,99,17146951
55052,99,20982393
84238,99,18532735
131279,95,9233580
28921,99,17892842
32404,99,13391339
94191,92,6732323
-1,0
-1,0
-1,0
-1,0
-1,0
-1,0
-1,0
84,22362
294,1669
329,5056
96,12449
1151,1670
513,757
760,761
217307,611
-1,2500
48291,2432
269200,179
119089,11835
1730,1302
81301,530
60985,1264
90673,54
95606,495
81492,101
5572,1762
110354,313
35044,52
4171,4950
45370,348
130869,659
64755,376
16281,240
74745,82
52379,126
132040,135
67705,135
5723,567
74235,446
162329,313
73193,451
132677,25
-1,0
-1,1
239977,142
45069,1055
70900,349
25165,194
19244,630
33125,953
95767,2607
111158,124
104206,160
265360,49
414,73
23639,1254
76468,27
17817,194
50053,31
36991,396
1335,5856
19391,348
30745,500
45926,145
107712,43
-1,0
141140,20
569081,47
71683,52
138028,235
133717,51
65184,56
49634,367
-1,1
59362,103
-1,0
68625,1082
5153,287
17158,394
-1,0
-1,4
93677,153
910,4678
3787,1534
155893,621
482037,274
56957,235
120359,122
78978,1527
