58442,2258,516280602
35832,99,27774412
34553,99,22309555
28161,99,51159290
22386,99,71759967
22193,99,76204653
21456,99,13626283
33215,99,30656477
171328,99,13240510
13821,99,24938679
60599,99,13452826
58057,99,13561044
24480,99,17595124
157917,99,13052621
118563,95,9154662
134656,96,10391295
123124,96,9854561
93138,95,9282279
45701,99,14823470
52251,99,17289592
60347,99,18299314
99033,94,8340038
25324,99,16226179
22286,99,13287771
-1,-1
-1,-1
-1,-1
-1,-1
-1,-1
-1,-1
76,18432
192,1468
335,3463
85,10897
694,1368
311,609
569,627
228729,536
-1,-1
37266,2432
255788,95
93069,648
55311,481
47685,1264
49064,101
4464,1758
21584,52
2654,3025
24070,348
124107,483
54799,374
11352,220
59970,82
38579,126
104631,134
65807,119
3645,564
69133,402
150732,270
68677,407
76295,25
-1,-1
204223,142
37921,1000
48550,335
19079,184
15659,630
26960,945
91353,2370
96456,102
72237,160
77224,32
202,63
43944,446
63553,26
15280,132
35925,31
18346,396
426,5788
14751,348
23780,305
80372,43
-1,-1
86364,20
368349,47
56130,52
89829,235
-1,-1
-1,-1
45735,82
-1,-1
80920,743
4928,265
10914,378
-1,-1
-1,-1
51244,109
992,3939
4144,1101
171655,439
379710,274
86109,122
105906,1028
