156674,2213,216612144
166679,99,16978541
216432,99,14292874
328216,99,15797062
346008,99,22551453
453918,99,15162000
322525,89,5228825
626134,96,10294124
365869,99,13048795
199216,99,13075420
632652,85,3264116
285787,92,6579136
477108,94,7955193
179011,99,13103549
382135,86,3606692
284700,92,6823585
368707,86,3776196
373517,83,2674689
153329,99,13147363
493046,90,5728868
374704,96,10189593
462803,77,1488951
531955,80,2067641
383973,84,3058874
42311,92,6718604
-1,0
-1,0
-1,0
-1,0
-1,0
-1,0
-1,0
751565,52
1386384,2
1373781,2
631719,15
561885,31
622128,2
-1,0
-1,472
-1,2500
-1,180
201067,207
-1,0
-1,299
211406,96
-1,0
-1,0
-1,0
-1,0
442234,134
-1,0
260896,14
-1,0
-1,0
-1,1
-1,0
-1,0
-1,0
-1,0
-1,0
342462,25
415126,15
179183,278
412087,15
-1,0
-1,0
-1,1
153358,289
595650,5
-1,0
526254,18
295804,13
-1,0
472686,260
-1,0
270926,22
-1,1
-1,0
-1,0
-1,0
-1,0
-1,0
-1,1
-1,0
-1,0
-1,0
-1,0
488939,9
-1,0
-1,0
773422,20
318199,6
137259,215
-1,0
-1,1
-1,0
-1,1
-1,0
-1,0
-1,0
-1,1
-1,0
-1,0
-1,2
-1,1
-1,0
-1,0
527806,59
394789,354
-1,0
-1,0
294303,277
