224200,2090,194101668
154767,99,16637385
201711,99,14034133
311366,99,14848010
317520,99,21455961
435707,99,14247916
457920,81,2235477
623394,95,8993189
398514,99,13034547
205525,99,13034606
655760,81,2375730
252497,92,6572720
417205,93,7705146
198884,99,13034670
406625,83,2879062
504207,82,2556261
346281,85,3494293
354999,81,2344356
161658,99,13034507
471555,89,5126704
322637,96,9994833
393770,77,1482421
482300,80,1987532
345532,84,2992209
-1,-1
-1,-1
-1,-1
-1,-1
-1,-1
-1,-1
674069,52
1231447,2
1274959,2
572747,15
512060,31
558951,2
-1,-1
-1,-1
-1,-1
-1,-1
145107,207
-1,-1
-1,-1
-1,-1
-1,-1
-1,-1
-1,-1
-1,-1
398725,133
-1,-1
229513,14
-1,-1
-1,-1
-1,-1
-1,-1
-1,-1
-1,-1
-1,-1
-1,-1
302915,25
375185,15
159226,278
374166,15
-1,-1
-1,-1
141798,289
523293,5
-1,-1
456281,18
259169,13
-1,-1
428283,260
-1,-1
237413,22
-1,-1
-1,-1
-1,-1
-1,-1
-1,-1
-1,-1
-1,-1
-1,-1
-1,-1
-1,-1
439809,9
-1,-1
-1,-1
602990,20
270819,6
112038,215
-1,-1
-1,-1
-1,-1
-1,-1
-1,-1
-1,-1
-1,-1
-1,-1
-1,-1
-1,-1
-1,-1
-1,-1
-1,-1
-1,-1
471456,59
355959,344
-1,-1
283806,223
