1194364,1442,20344293
1095099,77,1506056
1416450,70,756658
1541686,75,1292602
1590672,76,1337810
1848059,70,742556
1909637,48,91621
1463509,75,1302039
-1,1,-1
1770414,62,350370
511554,84,3119134
417900,84,3153478
800642,80,2008217
781877,73,1052504
1940216,47,77836
-1,1,-1
-1,1,-1
706633,73,1009455
705824,71,873082
1251447,63,391135
906345,70,790262
1523179,34,20354
1131884,60,288814
1629936,37,29985
-1,-1
-1,-1
-1,-1
-1,-1
-1,-1
-1,-1
1100306,9
1393472,1
927994,3
929210,3
892984,2
-1,-1
-1,-1
-1,-1
-1,-1
-1,-1
-1,-1
-1,-1
-1,-1
-1,-1
-1,-1
-1,-1
-1,-1
-1,-1
-1,-1
-1,-1
-1,-1
-1,-1
-1,-1
-1,-1
-1,-1
-1,-1
-1,-1
-1,-1
-1,-1
-1,-1
-1,-1
-1,-1
-1,-1
-1,-1
-1,-1
-1,-1
-1,-1
-1,-1
-1,-1
-1,-1
-1,-1
-1,-1
-1,-1
-1,-1
-1,-1
-1,-1
-1,-1
-1,-1
-1,-1
-1,-1
-1,-1
-1,-1
-1,-1
-1,-1
-1,-1
-1,-1
-1,-1
-1,-1
-1,-1
-1,-1
-1,-1
-1,-1
-1,-1
-1,-1
-1,-1
-1,-1
-1,-1
673534,115
-1,-1
-1,-1
