234250,2090,194101668
160749,99,16637385
210840,99,14034133
327594,99,14848010
331772,99,21455961
451613,99,14247916
476206,81,2235477
644504,95,8993189
408882,99,13034547
214602,99,13034606
669782,81,2375730
260969,92,6572720
430354,93,7705146
206335,99,13034670
422363,83,2879062
526023,82,2556261
359409,85,3494293
369892,81,2344356
167818,99,13034507
487313,89,5126704
335265,96,9994833
411010,77,1482421
500433,80,1987532
360809,84,2992209
-1,-1
-1,-1
-1,-1
-1,-1
-1,-1
-1,-1
691151,52
1258836,2
1293641,2
585136,15
524456,31
573084,2
-1,-1
-1,-1
-1,-1
-1,-1
158942,207
-1,-1
-1,-1
-1,-1
-1,-1
-1,-1
-1,-1
-1,-1
409369,133
-1,-1
237501,14
-1,-1
-1,-1
-1,-1
-1,-1
-1,-1
-1,-1
-1,-1
-1,-1
312120,25
384961,15
164039,278
383489,15
-1,-1
-1,-1
145336,289
540905,5
-1,-1
471965,18
268044,13
-1,-1
440021,260
-1,-1
246226,22
-1,-1
-1,-1
-1,-1
-1,-1
-1,-1
-1,-1
-1,-1
-1,-1
-1,-1
-1,-1
452174,9
-1,-1
-1,-1
633615,20
281183,6
117932,215
-1,-1
-1,-1
-1,-1
-1,-1
-1,-1
-1,-1
-1,-1
-1,-1
-1,-1
-1,-1
-1,-1
-1,-1
-1,-1
-1,-1
486053,59
367006,344
-1,-1
-1,-1
293064,223
