1121586,1442,20344293
1023376,77,1506056
1339445,70,756658
1459636,75,1292602
1505892,76,1337810
1759924,70,742556
1795616,48,91621
1376935,75,1302039
-1,1,-1
1660230,62,350370
476042,84,3119134
388274,84,3153478
742915,80,2008217
718425,73,1052504
1833560,47,77836
-1,1,-1
-1,1,-1
649395,73,1009455
644412,71,873082
1191483,63,391135
838723,70,790262
1421594,34,20354
1061052,60,288814
1530162,37,29985
-1,-1
-1,-1
-1,-1
-1,-1
-1,-1
-1,-1
1032183,9
1312890,1
888934,3
886038,3
850874,2
-1,-1
-1,-1
-1,-1
-1,-1
-1,-1
-1,-1
-1,-1
-1,-1
-1,-1
-1,-1
-1,-1
-1,-1
-1,-1
-1,-1
-1,-1
-1,-1
-1,-1
-1,-1
-1,-1
-1,-1
-1,-1
-1,-1
-1,-1
-1,-1
-1,-1
-1,-1
-1,-1
-1,-1
-1,-1
-1,-1
-1,-1
-1,-1
-1,-1
-1,-1
-1,-1
-1,-1
-1,-1
-1,-1
-1,-1
-1,-1
-1,-1
-1,-1
-1,-1
-1,-1
-1,-1
-1,-1
-1,-1
-1,-1
-1,-1
-1,-1
-1,-1
-1,-1
-1,-1
-1,-1
-1,-1
-1,-1
-1,-1
-1,-1
-1,-1
-1,-1
-1,-1
624800,115
-1,-1
-1,-1
