189217,2059,267843845
88703,99,18668186
324379,95,9416707
21936,99,48956575
71193,99,38451475
144435,99,24637566
24603,99,13416849
76657,99,19902131
43784,99,16446430
275152,88,4618920
99168,99,13112818
853725,73,1011075
592941,85,3261264
270824,87,4128355
87314,98,12598127
552430,76,1405022
138936,91,6020711
410907,77,1509329
467395,75,1273368
388860,89,4898726
87081,99,15015561
540078,65,462958
109044,92,7113346
515197,77,1518346
-1,-1
-1,-1
-1,-1
-1,-1
-1,-1
-1,-1
366081,110
66839,49
233398,21
526948,13
670648,8
230887,12
156653,7
-1,-1
-1,-1
61727,1043
220174,70
163892,50
-1,-1
-1,-1
458366,78
158817,6
112331,41
79041,20
-1,-1
83953,187
29988,23
-1,-1
90568,50
-1,-1
-1,-1
124041,50
262763,34
383107,35
241097,49
12432,55
30880,75
319441,25
193405,80
168121,53
135788,58
146908,50
253150,105
374382,158
-1,-1
-1,-1
-1,-1
71818,95
14712,238
-1,-1
235046,5
91393,18
95024,72
-1,-1
154695,28
60314,10
192726,79
15281,100
159097,6
-1,-1
-1,-1
8491,669
11408,20
-1,-1
21039,137
37706,65
-1,-1
131924,7
-1,-1
97286,53
49936,69
237823,234
447852,186
101226,74
357492,13
