317062,2104,343064849
119566,99,19731132
351226,99,13177936
27891,99,77553649
83381,99,51924914
211988,99,27735993
52534,99,13441504
115189,99,24131770
67489,99,16900962
290470,97,10744285
133263,99,13185108
1140001,73,1046625
702826,88,4386963
445241,87,4142587
53750,99,13349182
633836,82,2564879
243354,91,6237921
637917,77,1574909
730907,76,1383809
494553,91,6089080
112311,99,16719833
801823,66,519138
63757,99,13824167
615287,83,2697993
726453,5,510
-1,0
-1,0
-1,0
-1,0
-1,0
-1,0
-1,0
479634,132
151164,51
354724,22
682562,14
872435,9
314830,14
132195,22
-1,471
-1,2500
90626,1071
517310,70
185693,877
-1,263
272036,50
-1,0
-1,0
-1,0
-1,0
628787,78
38835,1029
258877,6
199786,41
225932,20
284032,152
100420,225
56643,36
-1,1
132393,50
-1,4
-1,2
179332,50
365269,34
567706,35
325757,49
44376,55
-1,0
142551,76
425820,25
276436,86
208419,100
226650,58
226850,50
314786,106
423817,476
-1,1
-1,1
-1,0
227256,1
111173,123
15358,251
-1,0
347910,5
231285,18
189312,72
-1,0
150495,103
-1,0
173478,34
-1,0
170856,10
391762,79
24209,100
317503,6
149590,46
-1,3
392648,8
-1,1
5622,1211
18014,71
-1,0
31686,145
92548,74
-1,0
188865,7
-1,1
135439,53
103270,69
324277,246
539938,241
128377,20
167324,74
526660,13
