309888,2103,340898491
118929,99,19655391
369264,99,13102471
27269,99,77179291
82031,99,51615657
210067,99,27504374
51675,99,13439956
113200,99,23997183
66442,99,16900962
287032,96,10550218
131447,99,13185108
1130986,73,1043835
695828,88,4386963
439122,87,4142587
56162,99,13314709
638682,82,2487014
239365,91,6234296
629857,77,1574899
720798,76,1383809
493871,91,5993466
111822,99,16628498
792890,66,518078
77344,99,13361323
606711,83,2697993
712487,5,410
-1,0
-1,0
-1,0
-1,0
-1,0
-1,0
-1,0
473228,132
146392,51
348618,22
675609,14
864685,9
310341,14
130130,22
-1,471
-1,2500
90267,1071
507340,70
180067,877
-1,262
266091,50
-1,0
-1,0
-1,0
-1,0
621956,78
42022,683
255539,6
198001,41
221394,20
279066,152
99215,225
55090,36
-1,1
130356,50
-1,4
-1,2
176801,50
361047,34
560387,35
322188,49
42195,55
-1,0
136876,76
421733,25
281019,80
203672,100
222736,58
223487,50
312261,106
467259,323
-1,1
-1,1
-1,0
224192,1
109165,123
15285,251
-1,0
343629,5
225526,18
178571,72
-1,0
148027,103
-1,0
171484,34
-1,0
166569,10
384305,79
23902,100
311102,6
140856,46
-1,3
376604,8
-1,1
5528,1209
17580,71
-1,0
31320,145
89271,74
-1,0
186744,7
-1,1
133876,53
101566,69
320205,246
536171,241
120547,20
164284,74
519179,13
