197018,2083,309383886
90138,99,19585507
290085,99,13055039
17739,99,64142045
59232,99,46246318
154808,99,26169946
32546,99,13426183
76354,99,22028266
48603,99,16670910
213345,94,8634833
113815,99,13112818
933852,73,1011075
661065,85,3263102
319992,87,4140683
48386,99,13201134
548134,79,1876257
166577,91,6054222
461708,77,1548526
541367,75,1287959
391845,90,5569028
88984,99,15770240
614384,65,467848
110321,95,9438599
454812,83,2683348
-1,-1
-1,-1
-1,-1
-1,-1
-1,-1
-1,-1
379570,123
83532,50
262227,21
569573,13
725367,8
245353,13
104949,18
-1,-1
-1,-1
74505,1071
294517,70
65009,877
180472,50
-1,-1
-1,-1
497901,78
184661,6
138383,41
125984,20
213714,136
86327,210
38240,28
-1,-1
100950,50
-1,-1
-1,-1
137166,50
290258,34
426105,35
263031,49
14211,55
63239,76
358205,25
220984,80
193397,53
159098,58
167242,50
269463,106
413857,158
-1,-1
-1,-1
-1,-1
-1,-1
90346,100
14710,242
-1,-1
263711,5
131118,18
111963,72
-1,-1
67987,103
142297,32
-1,-1
96454,10
238608,79
18275,100
201412,6
-1,-1
-1,-1
5758,950
11401,58
-1,-1
25129,141
53647,71
-1,-1
147148,7
-1,-1
110558,53
67860,69
254297,244
503341,186
116552,74
399110,13
