185778,2065,274963645
89178,99,18685328
269953,99,13037183
21667,99,49891389
65576,99,40092168
143535,99,24835757
25632,99,13417573
77056,99,20010787
44371,99,16446430
277929,88,4634920
100257,99,13112818
860276,73,1011075
598374,85,3261264
275002,87,4134601
88915,98,12811484
536869,77,1499348
141141,91,6023866
415284,77,1509353
471800,75,1274954
389291,89,4948717
87147,99,15085130
546872,65,462958
108520,93,7258086
520587,77,1518456
-1,-1
-1,-1
-1,-1
-1,-1
-1,-1
-1,-1
367047,111
68287,49
235191,21
529956,13
674438,8
232134,12
147772,8
-1,-1
-1,-1
62431,1043
226735,70
165107,50
-1,-1
-1,-1
461214,78
160754,6
114644,41
83709,20
-1,-1
83727,190
30653,23
-1,-1
91325,50
-1,-1
-1,-1
125046,50
264937,34
386251,35
242740,49
12568,55
34878,75
322761,25
195499,80
169919,53
137727,58
148713,50
254559,105
377452,158
-1,-1
-1,-1
-1,-1
73298,95
14710,238
-1,-1
237211,5
95403,18
96443,72
-1,-1
155975,28
63514,10
196452,79
15586,100
162379,6
-1,-1
-1,-1
8334,682
11110,26
-1,-1
20791,140
39081,67
-1,-1
133063,7
-1,-1
98349,53
51689,69
237717,234
452198,186
102335,74
360783,13
