185382,2068,278237972
89694,99,18716839
272776,99,13037183
21237,99,51017654
64767,99,40680564
144724,99,24965411
26342,99,13419083
75352,99,20343255
44972,99,16446430
277640,88,4731420
101372,99,13112818
866834,73,1011075
603999,85,3261264
278946,87,4139431
71363,99,13055759
482389,79,1803447
143397,91,6024326
419855,77,1509353
476980,75,1274954
384813,89,5090531
86320,99,15196095
552910,65,462958
107884,93,7419666
526016,77,1518456
-1,-1
-1,-1
-1,-1
-1,-1
-1,-1
-1,-1
366241,113
69732,49
237286,21
533231,13
678626,8
234105,12
132787,10
-1,-1
-1,-1
63340,1043
232878,70
166611,50
-1,-1
-1,-1
464618,78
163045,6
117651,41
88460,20
-1,-1
84361,190
31300,23
-1,-1
92278,50
-1,-1
-1,-1
126227,50
267345,34
389751,35
244614,49
12722,55
38266,75
326315,25
197773,80
171942,53
139741,58
150502,50
256288,105
380825,158
-1,-1
-1,-1
-1,-1
75116,95
14717,238
-1,-1
239638,5
98786,18
98186,72
-1,-1
157491,28
67122,10
200266,79
15854,100
166524,6
-1,-1
-1,-1
8057,705
11291,27
-1,-1
21278,140
41254,67
-1,-1
134297,7
-1,-1
99870,53
53753,69
239619,234
456855,186
103591,74
364425,13
