291585,2103,338995191
116670,99,19628390
369168,99,13076203
26325,99,76275193
79269,99,51277943
204370,99,27479510
49730,99,13438636
108465,99,23908272
65088,99,16900962
278512,96,10483468
128854,99,13185108
1111740,73,1043835
683722,88,4386963
427493,87,4142587
61374,99,13261384
638520,82,2422816
232017,91,6234296
615457,77,1574899
706259,76,1383809
481637,91,5993466
108932,99,16558727
778661,66,518078
101140,99,13122243
589738,83,2697993
579355,5,410
-1,0
-1,0
-1,0
-1,0
-1,0
-1,0
-1,0
462410,132
137660,51
337592,22
663272,14
849462,9
302960,14
126793,22
-1,471
-1,2500
89274,1071
492747,70
169884,877
-1,259
255824,50
-1,0
-1,0
-1,0
-1,0
609559,78
249244,6
192973,41
213214,20
270309,152
97446,225
52733,36
-1,1
127051,50
-1,4
-1,2
172707,50
353830,34
547145,35
316211,49
38235,55
-1,0
127873,76
415047,25
275245,80
194840,100
215703,58
217565,50
307655,106
458002,323
-1,1
-1,1
-1,0
219066,1
105779,123
15178,251
-1,0
335818,5
215752,18
168633,72
-1,0
145721,103
-1,0
168013,34
-1,0
159481,10
370798,79
23452,100
299643,6
125185,46
-1,3
345669,8
-1,1
5458,1192
16816,71
-1,0
30737,145
84695,74
-1,0
183041,7
-1,1
131596,53
98702,69
313261,246
530001,241
107669,20
159823,74
505729,13
