186810,2065,276129071
89346,99,18699324
270960,99,13037183
21654,99,50131867
65248,99,40309732
144367,99,24840027
25874,99,13418158
74802,99,20279462
44600,99,16446430
279232,88,4634920
100698,99,13112818
862745,73,1011075
600478,85,3261264
276548,87,4134601
89254,98,12949954
528939,77,1543184
141889,91,6024326
416899,77,1509353
473434,75,1274954
386028,89,5026147
86120,99,15160732
549429,65,462958
107881,93,7342146
522542,77,1518456
-1,-1
-1,-1
-1,-1
-1,-1
-1,-1
-1,-1
368183,111
68818,49
235929,21
531123,13
675927,8
232766,12
148089,8
-1,-1
-1,-1
62753,1043
229232,70
165663,50
-1,-1
-1,-1
462528,78
161559,6
115702,41
85398,20
-1,-1
83994,190
30893,23
-1,-1
91649,50
-1,-1
-1,-1
125426,50
265785,34
387443,35
243382,49
12618,55
36252,75
324099,25
196256,80
170612,53
138394,58
149350,50
255181,105
378691,158
-1,-1
-1,-1
-1,-1
73891,95
14713,238
-1,-1
238072,5
96626,18
96997,72
-1,-1
156459,28
64709,10
197854,79
15680,100
163970,6
-1,-1
-1,-1
8265,689
11189,26
-1,-1
20972,140
39770,67
-1,-1
133484,7
-1,-1
98808,53
52432,69
238395,234
453961,186
102803,74
362098,13
