925376,1655,27125472
1338988,75,1220363
1212691,75,1220580
1350379,81,2205157
1405455,81,2197441
1647489,75,1241199
1017338,70,774556
1594238,75,1254264
1452384,70,759679
863650,75,1319159
1746248,56,193855
1468869,65,458295
1160518,74,1109749
1808411,57,205878
971307,70,789599
348485,85,3444549
788962,70,780575
1018713,70,786713
390567,82,2448739
1377614,61,332304
639592,81,2265438
582808,67,556392
848297,70,779107
795669,70,781881
-1,-1
-1,-1
-1,-1
-1,-1
-1,-1
-1,-1
480214,90
321389,13
100487,64
703306,9
878888,4
-1,-1
-1,-1
-1,-1
-1,-1
-1,-1
283738,87
-1,-1
-1,-1
-1,-1
-1,-1
-1,-1
907310,10
-1,-1
-1,-1
-1,-1
-1,-1
-1,-1
-1,-1
-1,-1
-1,-1
-1,-1
-1,-1
-1,-1
-1,-1
331405,91
-1,-1
-1,-1
-1,-1
-1,-1
-1,-1
-1,-1
415039,19
-1,-1
-1,-1
-1,-1
-1,-1
-1,-1
-1,-1
-1,-1
-1,-1
-1,-1
-1,-1
-1,-1
-1,-1
-1,-1
-1,-1
259863,10
-1,-1
-1,-1
-1,-1
443783,35
243641,7
-1,-1
-1,-1
-1,-1
-1,-1
-1,-1
-1,-1
-1,-1
-1,-1
-1,-1
-1,-1
-1,-1
-1,-1
-1,-1
-1,-1
1025988,56
-1,-1
-1,-1
