1211105,1417,13873397
-1,1,-1
-1,1,-1
-1,1,-1
-1,1,-1
-1,1,-1
1995633,46,74768
-1,1,-1
652628,83,2848758
1295438,69,694603
1675643,55,166757
724489,76,1473236
652324,83,2876385
1190659,66,496463
1582226,52,125595
959707,70,805673
1263065,52,125794
1633290,57,208715
722585,70,794256
1944955,40,38168
1136604,56,199540
490613,68,614985
1112338,60,285591
1398365,46,69340
-1,-1
-1,-1
-1,-1
-1,-1
-1,-1
-1,-1
520486,64
142222,26
201318,26
568372,12
-1,-1
-1,-1
-1,-1
147078,590
-1,-1
76725,855
197291,105
-1,-1
-1,-1
-1,-1
-1,-1
-1,-1
-1,-1
-1,-1
-1,-1
-1,-1
-1,-1
-1,-1
-1,-1
-1,-1
-1,-1
-1,-1
-1,-1
-1,-1
-1,-1
-1,-1
-1,-1
-1,-1
-1,-1
-1,-1
-1,-1
-1,-1
-1,-1
-1,-1
-1,-1
-1,-1
-1,-1
-1,-1
-1,-1
-1,-1
-1,-1
-1,-1
-1,-1
-1,-1
-1,-1
-1,-1
314314,50
-1,-1
-1,-1
-1,-1
-1,-1
-1,-1
-1,-1
-1,-1
-1,-1
-1,-1
-1,-1
-1,-1
-1,-1
-1,-1
-1,-1
-1,-1
537658,158
-1,-1
-1,-1
