1478534,1439,16005795
-1,1,-1
-1,1,-1
-1,1,-1
-1,1,-1
-1,1,-1
-1,1,-1
-1,1,-1
688536,87,4180038
1563150,70,740629
-1,1,-1
803252,78,1734897
820831,84,3005074
1489572,66,496463
1558922,60,300089
1278861,70,805697
1595445,52,127655
-1,1,-1
1006670,70,794851
-1,1,-1
1452621,56,200489
672803,68,614985
1419793,60,285591
1704540,47,76309
-1,-1
-1,-1
-1,-1
-1,-1
-1,-1
-1,-1
658410,64
225750,26
277909,26
681213,12
-1,-1
-1,-1
-1,-1
238020,590
-1,-1
102192,855
360150,105
-1,-1
-1,-1
-1,-1
-1,-1
-1,-1
-1,-1
-1,-1
1130367,5
-1,-1
-1,-1
-1,-1
-1,-1
-1,-1
-1,-1
-1,-1
-1,-1
-1,-1
-1,-1
-1,-1
-1,-1
-1,-1
-1,-1
-1,-1
-1,-1
-1,-1
-1,-1
-1,-1
-1,-1
-1,-1
-1,-1
-1,-1
-1,-1
-1,-1
-1,-1
-1,-1
-1,-1
-1,-1
-1,-1
-1,-1
-1,-1
-1,-1
-1,-1
-1,-1
-1,-1
-1,-1
-1,-1
-1,-1
478642,50
-1,-1
-1,-1
-1,-1
-1,-1
-1,-1
-1,-1
-1,-1
-1,-1
-1,-1
-1,-1
-1,-1
-1,-1
-1,-1
-1,-1
-1,-1
-1,-1
-1,-1
681113,159
-1,-1
-1,-1
-1,-1
