1227763,1434,15281033
1941708,63,383840
-1,1,-1
-1,1,-1
-1,1,-1
-1,1,-1
-1,1,-1
-1,1,-1
600152,86,3687668
1342187,69,699323
1708932,55,174281
697275,78,1637606
667461,84,3005074
1233859,66,496463
1424526,57,210463
1006307,70,805697
1312510,52,125835
1694660,57,208715
760450,70,794256
-1,1,-1
1180442,56,199968
515453,68,614985
1157857,60,285591
1428590,47,76168
-1,-1
-1,-1
-1,-1
-1,-1
-1,-1
-1,-1
540238,64
152875,26
210720,26
584542,12
-1,-1
-1,-1
-1,-1
161294,590
-1,-1
81638,855
218823,105
-1,-1
-1,-1
-1,-1
-1,-1
915081,5
-1,-1
-1,-1
-1,-1
-1,-1
-1,-1
-1,-1
-1,-1
-1,-1
-1,-1
-1,-1
-1,-1
-1,-1
-1,-1
-1,-1
-1,-1
-1,-1
-1,-1
-1,-1
-1,-1
-1,-1
-1,-1
-1,-1
-1,-1
-1,-1
-1,-1
-1,-1
-1,-1
-1,-1
-1,-1
-1,-1
-1,-1
-1,-1
-1,-1
-1,-1
-1,-1
-1,-1
-1,-1
-1,-1
335524,50
-1,-1
-1,-1
-1,-1
-1,-1
-1,-1
-1,-1
-1,-1
-1,-1
-1,-1
-1,-1
-1,-1
-1,-1
-1,-1
-1,-1
-1,-1
557380,159
-1,-1
-1,-1
