1215551,1428,14277601
1912332,63,383840
-1,1,-1
-1,1,-1
-1,1,-1
-1,1,-1
-1,1,-1
-1,1,-1
651107,84,3015958
1322315,69,694603
1703187,55,166757
733744,77,1477657
666383,83,2876385
1212941,66,496463
1439007,56,186860
984085,70,805673
1288144,52,125794
1662982,57,208715
740499,70,794256
1972675,40,38168
1158862,56,199923
503904,68,614985
1134751,60,285591
1425105,46,69340
-1,-1
-1,-1
-1,-1
-1,-1
-1,-1
-1,-1
531049,64
147965,26
206040,26
577164,12
-1,-1
-1,-1
-1,-1
154852,590
-1,-1
78990,855
209113,105
-1,-1
-1,-1
-1,-1
896133,5
-1,-1
-1,-1
-1,-1
-1,-1
-1,-1
-1,-1
-1,-1
-1,-1
-1,-1
-1,-1
-1,-1
-1,-1
-1,-1
-1,-1
-1,-1
-1,-1
-1,-1
-1,-1
-1,-1
-1,-1
-1,-1
-1,-1
-1,-1
-1,-1
-1,-1
-1,-1
-1,-1
-1,-1
-1,-1
-1,-1
-1,-1
-1,-1
-1,-1
-1,-1
-1,-1
-1,-1
325797,50
-1,-1
-1,-1
-1,-1
-1,-1
-1,-1
-1,-1
-1,-1
-1,-1
-1,-1
-1,-1
-1,-1
-1,-1
-1,-1
-1,-1
-1,-1
549527,158
-1,-1
-1,-1
