92947,2217,451899828
92580,99,20255237
147759,99,15107535
32875,99,53867669
31483,99,67925278
27375,99,75118707
186751,95,9442326
30129,99,34194427
137740,99,13601208
278202,92,6829237
281274,95,9426748
217037,93,7593122
122404,99,13321033
163106,99,13073681
133527,95,9068919
206554,93,7401405
19433,99,14425503
122224,93,7411841
32977,99,17071325
48754,99,19286315
101920,99,15824894
182666,87,3983416
231047,88,4444707
34459,99,13225295
-1,-1
-1,-1
-1,-1
-1,-1
-1,-1
-1,-1
64976,738
232907,20
79021,90
32225,407
104553,201
342313,8
154255,12
5163,5992
-1,-1
-1,-1
98855,248
16340,40513
38050,699
79939,878
23540,71
41136,466
61254,99
50236,729
291415,5
63415,234
1477,2284
48142,1245
45024,482
67079,8
134534,30
71471,76
75161,246
100683,65
291066,25
67636,434
71506,532
65728,447
134719,25
1225,2853
16980,1443
9232,3000
105583,169
129196,74
118325,123
498173,31
166517,1636
37004,436
11467,705
80665,71
134606,1
43025,534
90219,11
27627,46
329087,5
8894,687
106386,97
134136,27
209290,31
183606,29
13142,6
27785,322
707784,10
240067,9
59279,407
16558,139
11580,708
47448,32
44037,121
-1,-1
211037,148
33825,129
14300,356
57198,1
108144,11
5008,2281
49548,222
59364,109
391926,108
64306,642
65869,191
81349,1359
