93199,2215,435636648
96947,99,19848960
161270,99,14735689
35361,99,51110276
34932,99,64563212
31522,99,69983673
185453,95,9348901
32256,99,33171721
136646,99,13601208
275127,92,6827021
316355,93,7464939
215622,93,7593122
121524,99,13320780
171876,99,13054443
132102,95,9067453
205904,93,7337393
19678,99,14382284
120940,93,7411364
33012,99,17067332
56136,99,18282357
100914,99,15822959
180899,87,3982111
229092,88,4439695
34906,99,13219755
-1,-1
-1,-1
-1,-1
-1,-1
-1,-1
-1,-1
65414,730
230582,20
78223,90
31978,407
110484,193
340293,8
153691,12
5168,5983
-1,-1
-1,-1
96840,248
15666,40513
37875,696
79446,878
21895,71
38989,466
60392,99
50026,729
289682,5
62789,234
1446,2284
47940,1242
44940,480
73358,5
133773,30
71019,76
74502,246
100294,65
289012,25
67356,434
71163,532
65467,447
134379,25
1227,2853
16858,1443
9140,3000
112133,155
128071,74
117553,123
496339,31
165553,1636
36674,436
11288,705
77379,71
133447,1
42693,534
89736,11
27380,46
327274,5
8710,684
104903,97
146163,25
204824,31
182494,29
12658,6
27344,322
700619,10
237958,9
58591,407
15515,139
11340,708
46674,32
43510,121
-1,-1
209688,148
33555,129
21791,263
56865,1
107580,11
4908,2278
49293,222
58873,109
389312,108
63843,642
65230,191
80906,1359
