90909,2179,319188005
114778,99,17102191
271923,99,13042174
66385,99,28163303
57291,99,43444749
54918,99,44770431
153844,95,8963902
47481,99,24254665
246017,99,13058269
271866,89,5222558
332180,90,5754838
179335,93,7578055
104850,99,13282804
180206,94,8555487
149242,90,5423134
291914,85,3316949
108645,95,8983892
136752,88,4473369
37601,99,14986062
78117,99,14593598
139019,99,13637590
157630,86,3710773
195334,86,3806925
68895,99,13062287
-1,-1
-1,-1
-1,-1
-1,-1
-1,-1
-1,-1
50147,726
171696,20
58865,90
27314,407
92386,191
288020,8
133307,10
10744,3127
-1,-1
-1,-1
61360,248
31206,696
69214,817
34895,99
42422,729
244737,5
39478,234
711,2284
39170,1237
99395,147
-1,-1
131944,25
58255,76
70801,195
91352,65
237395,25
66439,389
69468,488
64762,402
125998,25
9897,646
13917,1442
34683,925
146969,75
101712,74
101030,116
475477,25
139101,1636
30516,412
8140,705
104511,1
79324,89
77462,11
21124,46
285302,5
55549,94
81983,94
120820,25
151707,29
14262,322
524366,10
180500,9
43686,378
5735,558
-1,-1
36614,99
-1,-1
177401,147
26604,127
35064,96
51429,1
111445,9
2243,1967
40733,222
41052,106
337858,105
52792,642
53411,175
84806,1187
