96022,2196,359385250
99115,99,18974433
171207,99,14188935
61226,99,32740114
50646,99,50441496
48872,99,52376406
172997,95,9191529
40973,99,28255166
246062,99,13078024
252247,92,6687868
324052,92,6550820
198978,93,7593122
111598,99,13319705
195401,96,10116319
170032,90,5450577
184643,92,7054567
122393,96,9894125
132677,90,5607811
28404,99,17050425
64518,99,16119373
148228,99,13845985
176670,86,3716828
225748,86,3921865
32276,99,13209757
-1,-1
-1,-1
-1,-1
-1,-1
-1,-1
-1,-1
58426,726
203532,20
68883,90
30106,407
102257,191
315742,8
149847,10
5333,5553
-1,-1
-1,-1
79890,248
42538,5526
34099,696
78469,817
49664,99
46849,729
268938,5
51862,234
1121,2284
43917,1237
43353,471
-1,-1
133423,27
65334,76
81222,195
96863,65
265806,25
63503,434
67084,532
61775,447
130745,25
17339,663
15865,1443
38237,989
166351,75
116433,74
111222,119
489881,28
154086,1636
32950,436
9315,705
36721,71
119974,1
92989,98
84515,11
24805,46
307681,5
26601,300
93577,94
135407,25
158293,31
167163,29
-1,-1
21757,322
625438,10
214657,9
51427,407
8825,705
-1,-1
39795,117
-1,-1
194825,148
31431,127
40745,120
54420,1
101656,11
4538,2068
45974,222
51509,109
366878,105
58705,642
57196,191
85531,1244
