98803,2197,371048774
100064,99,19123640
169214,99,14338141
55988,99,35441850
47688,99,52996761
44606,99,56204209
176112,95,9286504
40760,99,28930772
251572,99,13078024
260179,92,6691332
323697,92,6705987
203318,93,7593122
114039,99,13319988
199960,96,10158259
175031,90,5451344
188173,93,7237406
125450,96,10019692
136572,90,5615741
29745,99,17054584
58580,99,16965063
146349,99,13984857
181058,86,3716828
234426,86,3922553
33011,99,13212117
-1,-1
-1,-1
-1,-1
-1,-1
-1,-1
-1,-1
60626,726
211770,20
71586,90
30673,407
105193,191
323262,8
154302,10
5315,5674
-1,-1
-1,-1
84284,248
50139,5526
34953,696
75727,878
6962,103
53668,99
47774,729
274897,5
56032,234
1246,2284
45381,1237
43513,476
-1,-1
128291,30
67155,76
83602,195
97960,65
273465,25
64799,434
68383,532
63014,447
131734,25
18858,663
16118,1443
39321,989
171119,75
119794,74
114108,119
481502,31
158080,1636
34255,436
9985,705
45919,71
124064,1
95700,98
86095,11
25628,46
313327,5
13122,508
94352,97
139190,25
173174,31
172532,29
-1,-1
23720,322
648985,10
222192,9
53559,407
9592,708
-1,-1
40687,118
-1,-1
199515,148
32287,127
33487,162
55057,1
103228,11
5014,2068
47360,222
54474,109
374151,105
59918,642
59747,191
86771,1244
