85459,2175,297500177
116598,99,16683661
294117,97,10893782
73232,99,25334100
67852,99,38590694
65289,99,38732545
143105,95,8829768
54150,99,22089655
276847,99,13038804
252117,89,5204190
315972,90,5714736
170954,93,7479608
129289,99,13125893
167748,94,8321772
137830,90,5410084
259576,85,3294772
100145,95,8932339
131301,87,4301684
48513,99,13949083
90976,99,13753692
134469,99,13537349
147338,86,3710523
196181,85,3520008
68192,99,13051435
-1,-1
-1,-1
-1,-1
-1,-1
-1,-1
46416,724
157275,20
54561,90
25799,407
88190,190
274993,8
133264,9
13060,2506
-1,-1
-1,-1
49501,248
29730,696
65477,817
24176,99
62876,581
-1,-1
33697,234
437,2253
36947,1237
97653,142
-1,-1
-1,-1
64501,66
67437,193
88922,65
-1,-1
65304,383
68383,481
64040,394
148151,9
2947,629
13067,1424
48560,604
-1,-1
100010,71
97891,110
468740,20
143974,1513
29040,409
8824,659
97196,1
93425,31
-1,-1
-1,-1
-1,-1
-1,-1
-1,-1
-1,-1
163397,26
9355,322
-1,-1
-1,-1
39988,348
3835,272
-1,-1
35952,88
-1,-1
168459,147
27039,117
37379,57
50523,1
131863,7
279,1967
37178,222
33839,106
495267,6
52941,637
51735,170
117804,818
