101377,2231,514024962
93870,99,21171376
145449,99,15827914
33885,99,64302312
30815,99,78403802
23515,99,90431612
208533,97,10832991
35165,99,37225031
50663,99,18398540
325266,92,7048907
103138,99,13280946
224978,94,8649446
140633,99,13321033
60951,99,14294631
155992,95,9069057
175308,98,12430112
24565,99,14519321
146897,93,7433252
34100,99,18050708
54298,99,20390502
110068,99,16326746
186681,89,4889955
268713,88,4496443
42788,99,13230325
-1,-1
-1,-1
-1,-1
-1,-1
-1,-1
-1,-1
-1,-1
81276,738
289837,20
99337,90
37610,407
120972,201
389038,8
176592,12
5602,6108
-1,-1
-1,-1
137294,248
26174,40513
29744,706
50480,699
89541,878
55953,71
84870,466
76174,99
55893,729
329236,5
75472,234
2120,2284
56238,1245
48228,482
79850,8
147960,30
81665,76
84578,246
107077,65
331785,25
73896,434
79290,532
71543,447
167085,25
21443,47
1968,2853
18048,1443
10532,3001
100880,225
151178,74
56730,265
518953,34
182339,1636
42256,436
14287,705
180321,71
163557,1
40388,669
99763,11
34080,46
366257,5
12089,687
135925,97
149303,27
301522,31
-1,-1
206219,29
19719,6
35678,322
892313,10
280700,9
72265,407
41358,139
16825,708
121764,157
64951,32
52158,121
-1,-1
236454,148
37974,129
8020,556
62414,1
119016,11
7960,2281
53592,222
69552,109
166681,556
73983,642
34187,314
77496,191
50890,2041
