304397,1998,140201806
360705,98,12701177
663486,85,3551280
575291,98,11819790
325868,99,19125137
327945,99,15637788
422740,80,2079826
412485,98,12002510
594092,86,3894470
330461,88,4426689
477186,86,3635607
324223,88,4611576
118200,99,13255858
219789,93,7444582
503187,77,1560276
412800,82,2560320
277176,86,3694442
381319,79,1914438
367495,82,2434856
339951,92,6517591
455238,87,4121886
578674,66,507219
424857,79,1875143
697634,71,829345
-1,-1
-1,-1
-1,-1
-1,-1
-1,-1
-1,-1
88173,533
18027,204
91635,64
156159,90
156409,136
123992,31
159089,8
167927,587
-1,-1
-1,-1
-1,-1
-1,-1
80732,308
-1,-1
88204,15
179197,301
155379,7
-1,-1
-1,-1
216930,117
93899,181
51743,9
-1,-1
101507,50
181601,38
-1,-1
192108,34
352440,11
395682,47
364825,9
59370,29
-1,-1
316096,42
-1,-1
224013,35
225689,41
165355,50
-1,-1
267675,805
165891,20
127700,73
-1,-1
83119,2
-1,-1
-1,-1
-1,-1
-1,-1
125248,20
-1,-1
208384,5
-1,-1
117969,35
-1,-1
-1,-1
-1,-1
107557,27
66694,311
51890,5
-1,-1
43466,84
-1,-1
-1,-1
89214,53
82377,21
-1,-1
-1,-1
42710,142
-1,-1
75578,55
493278,48
48131,652
47977,210
158554,622
