292278,1998,140200702
348071,98,12700349
644595,85,3551280
558002,98,11819790
313657,99,19124861
316504,99,15637788
405165,80,2079826
396950,98,12002510
579120,86,3894470
318320,88,4426689
464375,86,3635607
314921,88,4611576
114234,99,13255858
210620,93,7444582
485291,77,1560276
392001,82,2560320
266822,86,3694442
363934,79,1914438
350785,82,2434856
330235,92,6517591
439724,87,4121886
558720,66,507219
402468,79,1875143
675477,71,829345
-1,-1
-1,-1
-1,-1
-1,-1
-1,-1
-1,-1
84850,533
16757,204
87378,64
152191,90
152247,136
120079,31
153192,8
157629,587
-1,-1
-1,-1
-1,-1
79003,308
-1,-1
80167,15
174383,301
149830,7
-1,-1
-1,-1
210050,117
91215,181
47901,9
-1,-1
98938,50
174717,38
-1,-1
186570,34
342620,11
385117,47
354721,9
58224,29
-1,-1
307916,42
-1,-1
215708,35
217646,41
160324,50
-1,-1
260800,805
160562,20
123908,73
79767,2
-1,-1
-1,-1
-1,-1
-1,-1
114072,20
-1,-1
199537,5
-1,-1
114260,35
-1,-1
-1,-1
102781,27
61699,311
45684,5
-1,-1
41512,84
-1,-1
-1,-1
84731,53
76029,21
-1,-1
-1,-1
38107,142
-1,-1
71359,55
478369,48
46451,652
46158,210
154891,622
