414827,1998,140629404
467765,98,12782794
829578,85,3551280
741859,98,11885826
429246,99,19233202
420548,99,15790865
566208,80,2079826
546301,98,12017803
724615,86,3894470
450780,88,4426689
583726,86,3635607
407269,88,4611576
153916,99,13257046
292863,93,7444582
656336,77,1560276
588869,82,2561345
372004,86,3694467
517870,79,1914442
493998,82,2434856
445145,92,6517591
599258,87,4121886
768374,66,507879
566988,79,1875143
898843,71,829953
-1,0
-1,0
-1,0
-1,0
-1,0
-1,0
-1,0
126404,533
35849,204
135165,64
196119,90
200830,136
169563,31
212331,8
241883,587
-1,2500
-1,0
-1,0
-1,0
-1,402
122664,308
-1,0
-1,0
-1,0
147098,15
217620,301
208972,7
-1,2
-1,0
286113,117
111343,181
77794,9
-1,3
126675,50
226732,38
-1,0
243352,34
432802,11
503237,47
444433,9
97753,29
-1,0
-1,1
365468,42
-1,1
302397,35
302005,41
214846,50
-1,0
325940,805
205031,20
174817,73
-1,0
120163,2
-1,4
-1,0
-1,0
-1,0
207967,20
-1,0
273235,5
-1,0
-1,0
154414,35
-1,0
-1,0
-1,0
142245,27
101633,311
-1,0
95673,5
-1,0
-1,1
59165,89
-1,0
-1,0
119044,54
135536,21
-1,0
-1,2
86901,142
-1,0
109241,55
615132,48
63464,652
-1,0
71172,210
191680,622
