251539,1995,137806666
311704,98,12373226
581956,85,3551280
520261,97,10956689
282954,99,18621327
281660,99,15440174
419761,78,1759826
343047,98,11840984
518194,86,3894470
266232,88,4426689
415537,86,3635607
278943,88,4611576
98985,99,13255858
175781,93,7444267
416699,77,1560276
312975,82,2559240
228057,86,3694422
316657,79,1914248
295552,82,2434848
293877,92,6517591
380700,87,4111881
490158,66,498009
353573,79,1875143
596304,71,829035
-1,-1
-1,-1
-1,-1
-1,-1
-1,-1
72033,533
11916,204
74755,64
136358,90
137575,136
104320,31
133015,8
118614,587
-1,-1
-1,-1
-1,-1
71338,308
-1,-1
43403,15
157290,300
126767,7
-1,-1
-1,-1
184014,117
82947,181
37235,9
-1,-1
89624,50
152580,38
-1,-1
162197,34
295480,11
348408,47
304910,9
52613,29
273447,42
-1,-1
186041,35
185617,41
140224,50
-1,-1
233374,805
138384,20
110286,73
67015,2
-1,-1
-1,-1
-1,-1
-1,-1
72002,20
-1,-1
152689,5
99692,35
-1,-1
-1,-1
80842,27
41445,311
37233,74
-1,-1
-1,-1
63847,53
50372,19
-1,-1
-1,-1
-1,-1
51744,55
426201,48
40212,652
40328,210
141008,622
