451024,1999,140629404
474641,98,12782794
842852,85,3551280
754167,98,11885826
435141,99,19233202
427875,99,15790865
573972,80,2079826
554790,98,12017803
731474,86,3894470
462273,88,4426689
590883,86,3635607
411764,88,4611576
155979,99,13257046
296602,93,7444582
667154,77,1560276
600036,82,2561345
376644,86,3694467
524890,79,1914442
502903,82,2434856
449711,92,6517591
607284,87,4121886
779940,66,507879
574805,79,1875143
920769,71,829953
-1,1,0
-1,0
-1,0
-1,0
-1,0
-1,0
-1,0
-1,0
128412,533
36639,204
136846,64
198829,90
202205,136
170683,31
213728,8
243108,587
-1,2500
-1,0
-1,0
-1,0
-1,402
124337,308
-1,0
-1,0
-1,0
149353,15
218981,301
211753,7
-1,2
-1,0
288654,117
112015,181
78712,9
-1,3
127698,50
227942,38
-1,0
245328,34
435883,11
508285,47
447459,9
100078,29
-1,0
-1,1
367557,42
-1,1
306058,35
305883,41
216346,50
-1,0
327976,805
206151,20
176311,73
-1,0
121177,2
-1,4
-1,0
-1,0
-1,0
210460,20
-1,0
275555,5
-1,0
-1,0
155314,35
-1,0
-1,0
-1,0
143399,27
103260,311
-1,0
96880,5
-1,0
-1,1
59715,89
-1,0
-1,0
119891,54
137844,21
-1,0
-1,2
88269,142
-1,0
111708,55
620573,48
64324,652
-1,0
72016,210
193124,622
