503883,1999,140718184
507706,98,12819870
890383,85,3551281
805773,98,11892637
466495,99,19255559
453140,99,15805774
617141,80,2079826
589765,98,12022875
766271,86,3894470
495484,88,4428152
619152,86,3635607
435588,88,4611576
164423,99,13257230
316075,93,7444582
708710,77,1560276
648152,82,2561345
402551,86,3695327
556965,79,1914457
531658,82,2434856
478727,92,6517591
648647,87,4121886
823118,66,507879
608898,79,1875175
979422,71,829953
-1,1,0
-1,0
-1,0
-1,0
-1,0
-1,0
-1,0
-1,0
139915,533
44279,204
150499,64
210911,90
213796,136
182570,31
226491,8
248805,587
-1,2500
-1,0
-1,0
-1,0
-1,402
139947,308
-1,0
-1,0
-1,0
164527,15
228459,301
-1,0
224941,7
-1,2
-1,0
310609,117
117041,181
87176,9
-1,3
135179,50
237987,38
-1,0
258879,34
457776,11
537660,47
468809,9
115901,29
-1,0
-1,1
381486,42
-1,1
333984,35
328965,41
230018,50
-1,0
342040,805
215778,20
188514,73
-1,0
131740,2
-1,4
-1,0
-1,0
-1,0
233167,20
-1,0
293579,5
-1,0
-1,0
163500,35
-1,0
-1,0
-1,0
151960,27
113897,311
-1,0
108336,5
-1,0
-1,1
64905,89
-1,0
-1,0
127588,54
157744,21
-1,0
-1,2
100874,142
-1,0
118650,55
657684,48
66264,652
-1,0
77691,210
202513,622
