478125,1999,140629404
489945,98,12782794
865452,85,3551280
778754,98,11885826
450485,99,19233202
439578,99,15790865
595826,80,2079826
573657,98,12017803
748153,86,3894470
479513,88,4426689
604745,86,3635607
422765,88,4611576
159884,99,13257046
306660,93,7444582
686460,77,1560276
621428,82,2561345
389284,86,3694467
540291,79,1914442
515264,82,2434856
463363,92,6517591
627549,87,4121886
799543,66,507879
590256,79,1875143
950983,71,829953
-1,1,0
-1,0
-1,0
-1,0
-1,0
-1,0
-1,0
-1,0
133490,533
39659,204
142496,64
204510,90
207693,136
176046,31
219652,8
246161,587
-1,2500
-1,0
-1,0
-1,0
-1,402
131517,308
-1,0
-1,0
-1,0
156508,15
223311,301
219871,7
-1,2
-1,0
298908,117
114410,181
82620,9
-1,3
131215,50
232611,38
-1,0
251725,34
446216,11
522129,47
457569,9
107704,29
-1,0
-1,1
374077,42
-1,1
319608,35
316598,41
222858,50
-1,0
334706,805
210787,20
182235,73
-1,0
126024,2
-1,4
-1,0
-1,0
-1,0
220942,20
-1,0
284269,5
-1,0
-1,0
159207,35
-1,0
-1,0
-1,0
147338,27
108043,311
-1,0
101922,5
-1,0
-1,1
61959,89
-1,0
-1,0
123389,54
146539,21
-1,0
-1,2
94032,142
-1,0
115162,55
638158,48
65386,652
-1,0
74436,210
197705,622
