481060,1999,140642175
492166,98,12791734
868913,85,3551280
782517,98,11885826
452729,99,19236173
441320,99,15790865
598581,80,2079826
575742,98,12017803
750119,86,3894470
482250,88,4426689
606302,86,3635607
424064,88,4611576
160364,99,13257046
307671,93,7444582
688643,77,1560276
624216,82,2561345
390586,86,3695327
542011,79,1914442
516877,82,2434856
465019,92,6517591
629826,87,4121886
802060,66,507879
592228,79,1875143
954131,71,829953
-1,1,0
-1,0
-1,0
-1,0
-1,0
-1,0
-1,0
-1,0
134467,533
40577,204
144113,64
205228,90
208426,136
176795,31
220487,8
246740,587
-1,2500
-1,0
-1,0
-1,0
-1,402
132457,308
-1,0
-1,0
-1,0
157443,15
223906,301
-1,0
220568,7
-1,2
-1,0
300243,117
114754,181
83148,9
-1,3
131778,50
233321,38
-1,0
252623,34
447516,11
523759,47
458809,9
108758,29
-1,0
-1,1
375047,42
-1,1
321314,35
317924,41
223675,50
-1,0
335536,805
211414,20
183027,73
-1,0
126733,2
-1,4
-1,0
-1,0
-1,0
222312,20
-1,0
285376,5
-1,0
-1,0
159709,35
-1,0
-1,0
-1,0
147834,27
108683,311
-1,0
102663,5
-1,0
-1,1
62249,89
-1,0
-1,0
123857,54
147892,21
-1,0
-1,2
94741,142
-1,0
115673,55
640490,48
65450,652
-1,0
74774,210
198275,622
