367076,1998,140420447
416680,98,12779942
747543,85,3551280
660438,98,11837421
383153,99,19179733
381235,99,15696032
501099,80,2079826
488369,98,12010134
669822,86,3894470
395145,88,4426689
534607,86,3635607
371734,88,4611576
138609,99,13257046
261993,93,7444582
591591,77,1560276
516387,82,2560320
334053,86,3694467
460286,79,1914438
438077,82,2434856
402978,92,6517591
533537,87,4121886
679660,66,507219
506371,79,1875143
807428,71,829913
-1,-1
-1,-1
-1,-1
-1,-1
-1,-1
-1,-1
108342,533
26505,204
115580,64
177037,90
181931,136
149182,31
189957,8
216538,587
-1,-1
-1,-1
-1,-1
-1,-1
-1,-1
96172,308
-1,-1
-1,-1
-1,-1
126870,15
202414,301
184836,7
-1,-1
-1,-1
254770,117
105837,181
68607,9
-1,-1
116507,50
211540,38
-1,-1
222661,34
400312,11
452484,47
412575,9
64953,29
-1,-1
347585,42
-1,-1
264779,35
268928,41
193509,50
-1,-1
304501,805
190986,20
155349,73
-1,-1
103453,2
-1,-1
-1,-1
-1,-1
-1,-1
175723,20
-1,-1
249340,5
-1,-1
140816,35
-1,-1
-1,-1
-1,-1
128560,27
87596,311
-1,-1
78458,5
-1,-1
-1,-1
53385,89
-1,-1
-1,-1
107890,53
110501,21
-1,-1
-1,-1
67656,142
-1,-1
97113,55
561536,48
56619,652
62882,210
177723,622
