298155,1998,140200702
354153,98,12700349
653680,85,3551280
566163,98,11819790
319562,99,19124861
321987,99,15637788
414255,80,2079826
404241,98,12002510
586678,86,3894470
324242,88,4426689
470527,86,3635607
319515,88,4611576
116167,99,13255858
214917,93,7444582
494080,77,1560276
402285,82,2560320
271918,86,3694442
371284,79,1914438
359348,82,2434856
335027,92,6517591
447325,87,4121886
568512,66,507219
415467,79,1875143
686318,71,829345
-1,-1
-1,-1
-1,-1
-1,-1
-1,-1
-1,-1
86438,533
17370,204
89346,64
154162,90
154154,136
121947,31
156015,8
162803,587
-1,-1
-1,-1
-1,-1
-1,-1
79823,308
-1,-1
83640,15
176724,301
152562,7
-1,-1
-1,-1
213330,117
92418,181
49520,9
-1,-1
100013,50
178164,38
-1,-1
189185,34
347293,11
389958,47
359525,9
58810,29
-1,-1
311978,42
-1,-1
219660,35
221675,41
162774,50
-1,-1
264083,805
163150,20
125675,73
-1,-1
81377,2
-1,-1
-1,-1
-1,-1
-1,-1
119580,20
-1,-1
203673,5
-1,-1
116072,35
-1,-1
-1,-1
-1,-1
105088,27
64119,311
48887,5
-1,-1
42440,84
-1,-1
-1,-1
86989,53
79269,21
-1,-1
-1,-1
40356,142
-1,-1
73132,55
485490,48
47169,652
46777,210
156408,622
