87630,2245,342405231
202285,99,15540873
164709,99,15169664
173856,99,22325681
177644,99,32168716
171700,99,29578429
319694,88,4565631
188594,99,18053779
45492,99,19011072
242063,98,12313083
69933,99,13552216
182125,98,12101804
84830,99,13985262
73962,99,13940771
171370,92,6973114
181811,97,10828235
174110,94,8419577
114365,98,12606367
100777,99,13540555
127811,99,14743564
196042,99,13740883
120749,95,9269679
31543,99,16912884
108113,99,13063392
-1,-1
-1,-1
-1,-1
-1,-1
-1,-1
-1,-1
29726,1365
24347,267
20411,388
66551,260
54965,312
34286,112
107370,26
-1,-1
-1,-1
-1,-1
150177,231
93862,11856
15459,806
14167,1299
112073,653
178770,12
101555,283
-1,-1
133024,441
61578,27
279610,8
236553,7
94208,825
249254,23
-1,-1
265742,7
208023,25
8751,1357
-1,-1
31695,191
138065,225
184129,260
128994,242
104601,25
-1,-1
-1,-1
250630,117
199166,143
94684,225
102893,92
153714,94
84844,432
99870,2469
157308,49
27130,460
11525,398
50936,6
-1,-1
109846,7
-1,-1
75335,21
208286,13
89961,158
186356,22
95235,146
233402,26
-1,-1
-1,-1
6781,1098
191591,18
33070,646
112021,38
-1,-1
76708,206
-1,-1
-1,-1
-1,-1
37703,1577
148922,37
-1,-1
-1,-1
54214,19
-1,-1
-1,-1
-1,-1
531530,52
956086,88
-1,-1
21780,543
156102,788
