90414,2170,213507334
382454,95,9099820
382688,92,7138257
372085,99,13250097
340882,99,16859517
439385,98,12805990
236157,86,3713818
380797,97,11054179
93426,99,13812464
188862,93,7505601
287338,91,6313337
136756,96,10353762
59854,99,13964598
170234,94,8318847
164667,89,4847112
117396,93,7804856
207620,88,4627100
79085,94,7948441
145430,93,7828481
187730,96,9886168
295657,92,6678159
103273,91,5904538
82419,97,10757628
81614,99,13034564
-1,-1
-1,-1
-1,-1
-1,-1
-1,-1
-1,-1
38138,823
20445,138
19117,237
80328,164
76838,208
45563,64
112995,12
-1,-1
-1,-1
-1,-1
70736,213
17080,964
157094,33
-1,-1
121785,380
202932,5
176454,8
94889,7
138631,300
198275,17
-1,-1
178734,7
141754,25
30356,463
-1,-1
29833,141
144602,149
185388,185
134993,165
65513,25
-1,-1
379370,6
143596,140
61797,225
188138,43
108400,94
83472,364
137735,1585
-1,-1
100369,90
60662,3
-1,-1
81627,7
-1,-1
194867,6
92998,13
77423,92
117904,22
265393,16
-1,-1
3211,1075
117810,18
-1,-1
-1,-1
-1,-1
-1,-1
-1,-1
38702,1215
87542,37
-1,-1
-1,-1
61650,14
-1,-1
-1,-1
-1,-1
399301,52
718057,88
26907,306
176616,450
