92844,2204,257536846
386582,98,11957053
436511,93,7350832
391233,99,13457085
291852,99,21203389
258690,99,18912111
286857,86,3827157
350549,99,13223856
51420,99,16548472
197533,97,11194444
318204,92,6804950
156525,97,11259163
70617,99,13966205
141070,99,13093996
193404,89,5105518
150445,95,9136503
221903,90,5416148
99073,94,8455673
107016,99,13195450
188579,97,11385512
300648,95,9426231
122627,91,5982176
48889,99,13595268
98536,99,13039654
-1,-1
-1,-1
-1,-1
-1,-1
-1,-1
-1,-1
48747,829
30158,141
25072,237
92457,165
90493,209
56020,65
138061,12
-1,-1
-1,-1
-1,-1
104521,220
-1,-1
19943,966
110741,526
-1,-1
141235,380
243898,5
231056,8
171059,7
165331,300
233417,18
-1,-1
226872,7
175106,25
18541,793
-1,-1
36794,141
164004,149
212828,185
152185,165
74748,25
-1,-1
263106,82
172854,140
76101,225
173983,56
129698,94
90463,373
100494,2258
-1,-1
119518,90
-1,-1
71987,3
-1,-1
94870,7
-1,-1
224661,6
149184,13
83423,108
154140,22
58404,138
304164,16
-1,-1
-1,-1
5218,1075
157137,18
25383,646
-1,-1
-1,-1
-1,-1
-1,-1
40120,1353
120192,37
-1,-1
-1,-1
71708,14
-1,-1
-1,-1
-1,-1
456116,52
828591,88
23444,413
186226,502
