92838,2163,207835820
381316,95,8945701
378098,92,7106720
373635,99,13217560
337112,99,16737011
432438,98,12755399
246333,85,3406068
375746,97,10957763
91019,99,13812464
201949,92,6610001
282917,91,6313154
134015,96,10353762
58947,99,13964598
168586,94,8130826
160696,89,4847112
116070,93,7662662
205528,88,4521798
77327,94,7946699
141834,93,7828383
186947,96,9808144
290010,92,6678159
119302,88,4703848
80649,97,10755924
80895,97,10772064
-1,-1
-1,-1
-1,-1
-1,-1
-1,-1
37258,823
19741,138
18706,237
79185,164
75821,208
44639,64
111017,12
-1,-1
-1,-1
-1,-1
71953,205
16872,964
154557,33
-1,-1
119858,380
199378,5
171765,8
86412,7
136623,300
194598,17
-1,-1
172671,7
138552,25
29851,463
-1,-1
29354,141
142983,149
183229,185
133524,165
64550,25
-1,-1
368762,6
141098,140
60828,225
184731,43
106566,94
82592,364
135654,1585
-1,-1
99001,90
60045,3
-1,-1
80169,7
-1,-1
192311,6
85686,13
75699,92
114616,22
262150,16
-1,-1
3010,1075
112735,18
-1,-1
-1,-1
-1,-1
-1,-1
-1,-1
38103,1215
83600,37
-1,-1
-1,-1
60981,14
-1,-1
-1,-1
-1,-1
393388,52
708634,88
26397,306
174159,450
