497561,1868,93771322
1300416,75,1216290
1674211,66,507543
243480,99,15231395
539119,98,12511331
489297,98,12930462
1415649,60,274463
391345,98,12783607
514646,90,5387158
973815,73,1017407
1291893,66,496553
724160,77,1550431
620571,85,3334023
677413,75,1305252
325236,84,3064523
645236,76,1407108
269903,86,3777518
415018,78,1686345
608453,74,1125844
485885,87,4047282
571976,82,2545062
405752,72,980267
208943,87,4056321
467092,82,2535137
-1,-1
-1,-1
-1,-1
-1,-1
-1,-1
-1,-1
325464,150
928456,2
704661,5
352985,29
234968,91
174758,21
275796,2
-1,-1
-1,-1
-1,-1
-1,-1
-1,-1
-1,-1
-1,-1
-1,-1
361676,132
-1,-1
-1,-1
-1,-1
-1,-1
119127,119
-1,-1
-1,-1
-1,-1
254789,8
-1,-1
300263,19
170038,129
402021,43
178973,117
-1,-1
-1,-1
421774,8
-1,-1
-1,-1
517095,9
-1,-1
-1,-1
-1,-1
-1,-1
-1,-1
-1,-1
119107,1
-1,-1
-1,-1
-1,-1
-1,-1
-1,-1
-1,-1
-1,-1
190048,10
328853,13
-1,-1
-1,-1
-1,-1
-1,-1
133985,66
-1,-1
-1,-1
74257,6
-1,-1
-1,-1
81628,59
-1,-1
-1,-1
-1,-1
-1,-1
-1,-1
-1,-1
544998,17
546954,164
-1,-1
213852,356
