419634,1862,85847514
1153108,75,1215226
1488934,66,506667
209789,99,14914508
514897,97,10795911
473070,96,10340950
1236604,60,274370
414105,95,9551152
440322,90,5387158
831725,73,1012994
1154434,66,496335
632783,77,1550431
531509,85,3329363
556256,75,1303170
261885,84,3061211
519170,76,1382003
218106,86,3771192
341648,78,1682958
498621,74,1118392
423116,87,4047282
475784,82,2542902
330891,72,972503
163164,87,4056259
387988,82,2534577
-1,-1
-1,-1
-1,-1
278740,149
785977,2
630854,5
309501,29
205922,91
149945,20
234708,2
-1,-1
-1,-1
-1,-1
-1,-1
-1,-1
-1,-1
-1,-1
315980,132
-1,-1
-1,-1
-1,-1
-1,-1
106239,114
-1,-1
-1,-1
-1,-1
-1,-1
-1,-1
206435,19
149526,129
347602,43
158129,117
-1,-1
-1,-1
-1,-1
-1,-1
433585,9
-1,-1
-1,-1
-1,-1
-1,-1
-1,-1
96866,1
-1,-1
-1,-1
-1,-1
-1,-1
-1,-1
-1,-1
-1,-1
287648,13
-1,-1
-1,-1
-1,-1
86518,66
-1,-1
-1,-1
-1,-1
57362,56
-1,-1
-1,-1
-1,-1
-1,-1
-1,-1
448967,17
466460,164
-1,-1
187884,356
