519989,1869,94226177
1335372,75,1216558
1715097,66,507558
253724,99,15256226
556456,98,12591586
507558,98,12978546
1456511,60,274649
407572,98,13031654
532426,90,5387158
1007913,73,1017407
1329272,66,496553
747017,77,1550431
643030,85,3334023
707960,75,1305252
342106,84,3064961
682303,76,1408214
285259,86,3778214
439075,78,1686389
637793,74,1129981
504894,87,4047282
594880,82,2577099
422217,73,994141
223138,87,4056588
490973,82,2535707
-1,-1
-1,-1
-1,-1
-1,-1
-1,-1
-1,-1
340007,150
969825,2
727289,5
365567,29
244724,91
182830,21
289314,2
-1,-1
-1,-1
-1,-1
-1,-1
-1,-1
-1,-1
-1,-1
-1,-1
374712,132
-1,-1
-1,-1
-1,-1
-1,-1
123324,120
-1,-1
-1,-1
-1,-1
268383,8
-1,-1
322809,19
177371,129
418988,43
186144,117
-1,-1
-1,-1
436121,8
-1,-1
-1,-1
540266,9
-1,-1
-1,-1
-1,-1
-1,-1
-1,-1
-1,-1
126358,1
-1,-1
-1,-1
-1,-1
-1,-1
-1,-1
-1,-1
-1,-1
233555,10
341758,13
-1,-1
-1,-1
-1,-1
-1,-1
146109,66
-1,-1
-1,-1
79023,6
-1,-1
-1,-1
86868,59
-1,-1
-1,-1
-1,-1
-1,-1
-1,-1
-1,-1
564725,17
567578,164
-1,-1
220063,356
