635032,1806,111338047
590774,90,5560740
648683,86,3926383
474631,99,13124421
347204,99,18703808
360548,99,15023825
156359,99,13034633
333205,99,13308473
329420,99,13037937
817925,76,1376248
1115585,70,746565
1382726,66,501503
1038129,75,1251804
828335,73,1062821
647494,74,1198413
1267017,68,623665
489013,78,1732791
1347720,64,419593
992039,63,370741
665142,81,2319545
1005609,70,742977
1601740,34,20482
1185899,60,289502
325119,84,2961177
-1,-1
-1,-1
-1,-1
-1,-1
-1,-1
-1,-1
1197151,8
1028448,2
964343,3
1119433,2
1089556,1
-1,-1
-1,-1
-1,-1
-1,-1
-1,-1
-1,-1
-1,-1
-1,-1
-1,-1
-1,-1
691710,34
-1,-1
-1,-1
-1,-1
-1,-1
103608,162
-1,-1
-1,-1
-1,-1
-1,-1
-1,-1
-1,-1
-1,-1
-1,-1
-1,-1
-1,-1
-1,-1
350447,30
-1,-1
-1,-1
-1,-1
-1,-1
553802,17
-1,-1
-1,-1
-1,-1
-1,-1
-1,-1
-1,-1
-1,-1
-1,-1
25460,39
-1,-1
-1,-1
-1,-1
-1,-1
-1,-1
-1,-1
-1,-1
-1,-1
-1,-1
-1,-1
-1,-1
-1,-1
-1,-1
-1,-1
-1,-1
-1,-1
-1,-1
-1,-1
-1,-1
-1,-1
-1,-1
-1,-1
348241,123
1061314,47
-1,-1
-1,-1
