720719,1890,138640069
530833,98,11880633
860301,86,3926977
663031,99,13124661
423238,99,20849498
488463,99,15100004
216357,99,13034633
464254,99,13415433
426428,99,13037937
1086377,76,1376248
287550,99,13034609
1714132,66,501503
774175,86,3718964
616384,82,2629360
560211,82,2476812
1685608,68,623665
575495,80,2153309
1757326,64,427095
1364795,63,383781
846367,81,2337665
1041110,75,1293689
1646071,45,62914
1552798,60,289502
488983,84,2961177
-1,1,0
-1,0
-1,0
-1,0
-1,0
-1,0
-1,0
-1,0
1523286,8
1375836,2
1169683,3
1340617,2
1320240,1
-1,0
-1,0
-1,0
-1,2500
-1,0
-1,0
-1,0
-1,90
-1,0
-1,0
-1,0
-1,0
-1,0
877645,34
-1,0
-1,0
-1,0
-1,0
-1,0
126180,162
-1,0
-1,0
-1,0
-1,0
-1,0
-1,0
-1,0
-1,0
-1,0
-1,0
-1,0
-1,0
415341,30
-1,0
-1,0
-1,0
-1,0
672238,17
-1,0
-1,1
-1,0
-1,0
-1,0
-1,0
-1,0
-1,0
38211,39
-1,0
-1,0
-1,0
-1,0
-1,0
-1,0
-1,0
-1,0
-1,0
-1,0
-1,0
-1,0
-1,0
-1,0
-1,0
-1,0
-1,0
-1,0
-1,0
-1,0
-1,0
-1,3
-1,0
-1,0
-1,0
451207,123
1338847,47
-1,0
-1,0
-1,0
