595973,1806,111198740
566887,90,5503337
617033,86,3926383
448035,99,13124421
325321,99,18684697
339603,99,15016186
144986,99,13034633
306789,99,13308412
310455,99,13037937
776447,76,1376248
1100027,70,738465
1327940,66,501503
982864,75,1251804
781247,73,1062821
608130,74,1198413
1193994,68,623665
464716,78,1700871
1275927,64,419593
926234,63,370741
637354,81,2304472
950790,70,742977
1524551,34,20482
1123435,60,289502
298242,84,2961177
-1,-1
-1,-1
-1,-1
-1,-1
-1,-1
-1,-1
1137797,8
970976,2
927840,3
1080343,2
1048031,1
-1,-1
-1,-1
-1,-1
-1,-1
-1,-1
-1,-1
-1,-1
-1,-1
-1,-1
659714,34
-1,-1
-1,-1
-1,-1
-1,-1
97894,162
-1,-1
-1,-1
-1,-1
-1,-1
-1,-1
-1,-1
-1,-1
-1,-1
-1,-1
-1,-1
-1,-1
334144,30
-1,-1
-1,-1
-1,-1
-1,-1
530301,17
-1,-1
-1,-1
-1,-1
-1,-1
-1,-1
-1,-1
-1,-1
23709,39
-1,-1
-1,-1
-1,-1
-1,-1
-1,-1
-1,-1
-1,-1
-1,-1
-1,-1
-1,-1
-1,-1
-1,-1
-1,-1
-1,-1
-1,-1
-1,-1
-1,-1
-1,-1
-1,-1
-1,-1
-1,-1
334198,123
1004560,47
-1,-1
-1,-1
