616376,1806,111198740
584540,90,5503337
635571,86,3926383
462885,99,13124421
338061,99,18684697
351308,99,15016186
150885,99,13034633
320747,99,13308412
321171,99,13037937
798634,76,1376248
1125287,70,738465
1357757,66,501503
1012451,75,1251804
806815,73,1062821
628878,74,1198413
1236344,68,623665
481296,78,1700871
1318027,64,419593
965248,63,370741
652533,81,2304472
981585,70,742977
1569971,34,20482
1160104,60,289502
311978,84,2961177
-1,-1
-1,-1
-1,-1
-1,-1
-1,-1
-1,-1
1169755,8
1001079,2
947671,3
1101581,2
1069999,1
-1,-1
-1,-1
-1,-1
-1,-1
-1,-1
-1,-1
-1,-1
-1,-1
-1,-1
-1,-1
675922,34
-1,-1
-1,-1
-1,-1
-1,-1
100871,162
-1,-1
-1,-1
-1,-1
-1,-1
-1,-1
-1,-1
-1,-1
-1,-1
-1,-1
-1,-1
-1,-1
343155,30
-1,-1
-1,-1
-1,-1
-1,-1
542646,17
-1,-1
-1,-1
-1,-1
-1,-1
-1,-1
-1,-1
-1,-1
-1,-1
24532,39
-1,-1
-1,-1
-1,-1
-1,-1
-1,-1
-1,-1
-1,-1
-1,-1
-1,-1
-1,-1
-1,-1
-1,-1
-1,-1
-1,-1
-1,-1
-1,-1
-1,-1
-1,-1
-1,-1
-1,-1
-1,-1
-1,-1
343515,123
1034485,47
-1,-1
-1,-1
