674602,1822,113752527
628211,90,5820242
710059,86,3926383
532505,99,13124421
389518,99,18790161
402890,99,15040569
173442,99,13034633
381147,99,13308473
364310,99,13037937
900426,76,1376248
791655,79,1809096
1484759,66,501503
1140788,75,1251804
908040,73,1062821
720862,74,1198413
1397918,68,623665
467433,80,2153309
1475278,64,419593
1106361,63,370741
723358,81,2337665
857136,75,1293689
1744587,34,20482
1297242,60,289502
377074,84,2961177
-1,-1
-1,-1
-1,-1
-1,-1
-1,-1
-1,-1
1300923,8
1133039,2
1026499,3
1185858,2
1161120,1
-1,-1
-1,-1
-1,-1
-1,-1
-1,-1
-1,-1
-1,-1
-1,-1
-1,-1
-1,-1
-1,-1
-1,-1
-1,-1
747904,34
-1,-1
-1,-1
-1,-1
-1,-1
112645,162
-1,-1
-1,-1
-1,-1
-1,-1
-1,-1
-1,-1
-1,-1
-1,-1
-1,-1
-1,-1
-1,-1
374340,30
-1,-1
-1,-1
-1,-1
-1,-1
595126,17
-1,-1
-1,-1
-1,-1
-1,-1
-1,-1
-1,-1
-1,-1
-1,-1
29864,39
-1,-1
-1,-1
-1,-1
-1,-1
-1,-1
-1,-1
-1,-1
-1,-1
-1,-1
-1,-1
-1,-1
-1,-1
-1,-1
-1,-1
-1,-1
-1,-1
-1,-1
-1,-1
-1,-1
-1,-1
-1,-1
-1,-1
-1,-1
-1,-1
383626,123
1163374,47
-1,-1
-1,-1
