572444,1806,111139446
547776,90,5503337
596886,86,3926383
432400,99,13124421
311405,99,18669881
327767,99,14971708
138578,99,13034633
290926,99,13308412
299091,99,13037937
748519,76,1376248
1072091,70,738465
1294866,66,501503
947155,75,1251804
754110,73,1062821
583150,74,1198413
1151382,68,623665
445634,78,1700871
1238399,64,419593
893375,63,370741
619237,81,2304472
918423,70,742977
1477020,34,20482
1088440,60,289502
282234,84,2961177
-1,-1
-1,-1
-1,-1
-1,-1
-1,-1
-1,-1
1103138,8
935701,2
908401,3
1058403,2
1027143,1
-1,-1
-1,-1
-1,-1
-1,-1
-1,-1
-1,-1
-1,-1
-1,-1
-1,-1
641312,34
-1,-1
-1,-1
-1,-1
-1,-1
94386,162
-1,-1
-1,-1
-1,-1
-1,-1
-1,-1
-1,-1
-1,-1
-1,-1
-1,-1
-1,-1
-1,-1
322258,30
-1,-1
-1,-1
-1,-1
-1,-1
512964,17
-1,-1
-1,-1
-1,-1
-1,-1
-1,-1
-1,-1
-1,-1
22356,39
-1,-1
-1,-1
-1,-1
-1,-1
-1,-1
-1,-1
-1,-1
-1,-1
-1,-1
-1,-1
-1,-1
-1,-1
-1,-1
-1,-1
-1,-1
-1,-1
-1,-1
-1,-1
-1,-1
-1,-1
322395,123
967309,47
-1,-1
-1,-1
