673127,1806,111623456
604069,90,5774891
681156,86,3926383
505398,99,13124421
369062,99,18775066
383523,99,15023825
164428,99,13034633
358911,99,13308473
348274,99,13037937
860163,76,1376248
1161298,70,746565
1436442,66,501503
1093434,75,1251804
869938,73,1062821
686747,74,1198413
1337773,68,623665
522009,78,1732791
1416579,64,419593
1052315,63,370741
697818,81,2319545
1057988,70,742977
1678350,34,20482
1243304,60,289502
352502,84,2961177
-1,-1
-1,-1
-1,-1
-1,-1
-1,-1
-1,-1
1253505,8
1085223,2
998055,3
1154797,2
1128234,1
-1,-1
-1,-1
-1,-1
-1,-1
-1,-1
-1,-1
-1,-1
-1,-1
-1,-1
-1,-1
-1,-1
-1,-1
722220,34
-1,-1
-1,-1
-1,-1
-1,-1
108564,162
-1,-1
-1,-1
-1,-1
-1,-1
-1,-1
-1,-1
-1,-1
-1,-1
-1,-1
-1,-1
-1,-1
363580,30
-1,-1
-1,-1
-1,-1
-1,-1
576597,17
-1,-1
-1,-1
-1,-1
-1,-1
-1,-1
-1,-1
-1,-1
-1,-1
27718,39
-1,-1
-1,-1
-1,-1
-1,-1
-1,-1
-1,-1
-1,-1
-1,-1
-1,-1
-1,-1
-1,-1
-1,-1
-1,-1
-1,-1
-1,-1
-1,-1
-1,-1
-1,-1
-1,-1
-1,-1
-1,-1
-1,-1
-1,-1
365847,123
1116728,47
-1,-1
-1,-1
