627284,1744,46105066
855700,80,2040980
1135591,73,992913
720790,91,6401986
743009,91,6428597
585876,93,7726226
748534,71,851828
867553,85,3361080
888859,74,1114340
635048,77,1504988
832645,73,993915
855207,72,940367
744835,79,1965948
676656,74,1100337
451636,76,1367558
587359,75,1231048
508765,73,1085571
813486,70,799537
1033273,56,200794
509352,84,2990823
738182,72,921895
532041,64,436322
605522,71,837770
605432,70,810243
-1,-1
-1,-1
-1,-1
-1,-1
-1,-1
261995,166
115762,27
140969,34
279394,35
290247,60
244909,10
-1,-1
48040,949
-1,-1
86041,618
194083,70
-1,-1
-1,-1
-1,-1
282284,158
-1,-1
-1,-1
9832,260
-1,-1
222230,6
-1,-1
-1,-1
180174,10
-1,-1
-1,-1
75360,69
-1,-1
131139,266
-1,-1
-1,-1
-1,-1
-1,-1
-1,-1
371889,15
-1,-1
-1,-1
-1,-1
-1,-1
-1,-1
-1,-1
-1,-1
-1,-1
-1,-1
-1,-1
-1,-1
-1,-1
-1,-1
-1,-1
-1,-1
240197,55
107030,18
96041,54
-1,-1
-1,-1
-1,-1
102601,19
-1,-1
-1,-1
-1,-1
-1,-1
79360,24
-1,-1
669924,96
140798,30
340195,11
