264003,2138,301476983
306622,99,13894426
99078,99,18126859
104220,99,34229495
81305,99,52070410
63067,99,59178474
393701,86,3700777
80187,99,28002351
560925,93,7261971
502443,87,4169822
418587,91,6367593
672939,82,2464170
773538,85,3593537
286745,94,8098074
405834,85,3549144
371705,89,5181577
185310,95,8929979
442344,81,2286085
425675,85,3381006
47947,99,22023605
472849,92,7017464
340757,81,2319467
532563,80,2143893
327564,85,3335453
357112,54,151351
-1,0
-1,0
-1,0
-1,0
-1,0
-1,0
-1,0
125910,566
238474,29
143962,65
115872,171
125507,204
56679,88
219558,9
38471,1648
-1,2110
132029,618
236774,195
73850,31773
47569,668
35309,914
26641,2071
35159,118
47665,921
44430,303
115051,501
125414,250
397475,5
80236,240
15367,807
110629,778
117011,177
65770,23
-1,1
258072,25
113205,172
-1,4
120986,69
186135,163
89863,500
185320,160
93395,37
-1,0
72923,304
101250,478
159152,232
173307,127
421232,29
121154,152
467533,49
78079,2906
63284,300
50948,316
115940,175
244963,1
75163,278
83513,22
-1,0
261546,7
42378,357
83941,222
115176,44
202927,71
44228,148
122291,41
-1,1
35183,370
268473,109
195797,20
34408,674
32372,209
83355,25
7890,733
-1,1
49845,153
-1,0
303685,34
147399,44
40674,208
-1,0
253926,5
82238,225
33751,397
61465,143
479488,100
807568,132
21155,633
85943,183
203452,603
