488620,1841,74717240
781709,82,2521441
528740,89,4856347
684225,93,7492357
536449,97,11112027
467910,97,11738203
641286,75,1211458
617573,93,7309057
823224,77,1477690
609940,78,1736336
803259,74,1183078
861295,73,1000911
613984,84,2984991
261380,88,4447550
411227,78,1759041
469650,78,1761520
394475,79,1897486
709577,72,938884
892080,61,328304
360613,90,5432939
694635,75,1223431
548970,65,455945
558277,72,970385
612013,71,877859
-1,-1
-1,-1
-1,-1
-1,-1
-1,-1
-1,-1
239169,196
124432,27
143887,35
274230,38
231601,85
241392,11
-1,-1
41572,1127
-1,-1
91047,618
223041,70
212030,7
-1,-1
-1,-1
186846,265
-1,-1
-1,-1
14083,285
-1,-1
243641,6
-1,-1
-1,-1
203765,10
-1,-1
-1,-1
79125,69
-1,-1
105882,339
-1,-1
-1,-1
-1,-1
-1,-1
-1,-1
-1,-1
380416,16
-1,-1
-1,-1
237196,849
-1,-1
226359,9
-1,-1
-1,-1
-1,-1
-1,-1
-1,-1
-1,-1
-1,-1
-1,-1
386949,8
-1,-1
245384,60
122311,18
90358,114
-1,-1
-1,-1
-1,-1
-1,-1
-1,-1
104561,28
55490,27
-1,-1
-1,-1
-1,-1
-1,-1
89763,24
444953,50
670415,104
75827,115
307523,68
