305383,2028,194904156
452390,96,10192589
366662,97,11674364
219657,99,17456313
162467,99,31076513
104665,99,37152820
382659,84,2967227
216349,99,15894484
610461,88,4754381
446189,86,3671846
374788,91,6004009
727110,79,1824058
657757,85,3584082
262600,93,7247674
434611,82,2570596
415042,85,3287150
195612,91,6091690
448537,79,1886342
648897,75,1236403
103580,99,14972221
448114,90,5437685
608174,67,589269
454013,80,2065467
281387,85,3266973
-1,-1
-1,-1
-1,-1
-1,-1
-1,-1
-1,-1
189281,322
173053,29
143135,49
211694,70
147669,158
265279,14
340637,2
37548,1538
-1,-1
116299,618
367410,70
74114,5333
52375,500
157821,106
22788,2071
23377,77
17911,915
113688,20
130442,422
-1,-1
-1,-1
11788,753
125906,532
114511,154
64293,10
-1,-1
228293,25
319959,5
-1,-1
101210,69
-1,-1
126955,339
-1,-1
216482,25
92155,62
349424,39
327351,40
-1,-1
348217,29
-1,-1
-1,-1
101186,2351
120911,77
117216,105
100842,58
-1,-1
137322,37
73890,22
-1,-1
-1,-1
-1,-1
-1,-1
-1,-1
251912,21
387144,12
-1,-1
125230,11
310486,70
163649,20
28398,651
18480,134
61014,17
2037,478
-1,-1
63174,41
-1,-1
274405,20
126621,40
46812,124
-1,-1
-1,-1
70157,86
116554,57
139406,24
478469,55
708274,132
71983,175
216122,428
