444562,1890,86603143
793692,83,2795608
499093,90,5559458
718480,93,7668848
526118,98,12417383
434796,99,13242575
441863,80,2004481
571482,94,8420664
612871,85,3386100
527089,81,2323346
837433,75,1211272
721111,77,1507565
652031,84,3037608
284922,88,4582731
408416,80,2040902
508005,79,1902869
330764,83,2723532
441368,77,1522620
737434,70,798365
365470,90,5781029
731398,75,1276915
584427,65,467787
573395,73,1032601
655263,71,898884
-1,-1
-1,-1
-1,-1
-1,-1
-1,-1
-1,-1
235365,216
141142,27
148324,37
266935,43
217421,97
256441,11
389557,1
35688,1368
-1,-1
99005,618
267288,70
231363,7
-1,-1
-1,-1
145416,351
-1,-1
-1,-1
22031,285
-1,-1
235398,12
-1,-1
-1,-1
231954,10
-1,-1
-1,-1
85178,69
-1,-1
111503,339
-1,-1
-1,-1
-1,-1
-1,-1
-1,-1
-1,-1
409361,16
-1,-1
-1,-1
195000,1221
-1,-1
190402,26
-1,-1
-1,-1
-1,-1
-1,-1
-1,-1
-1,-1
-1,-1
-1,-1
-1,-1
342174,12
-1,-1
246035,70
140021,18
68578,277
-1,-1
-1,-1
-1,-1
-1,-1
-1,-1
111202,34
65315,33
-1,-1
-1,-1
-1,-1
-1,-1
107400,24
467269,50
715607,104
62905,154
289704,129
