367626,1976,140386074
617162,90,5571389
421581,94,8386755
590621,98,12961309
288953,99,22004931
184253,99,24844914
398429,82,2505098
344956,99,13394179
657754,85,3586982
571748,82,2452668
611801,82,2528060
756949,77,1604302
721589,84,3051513
278905,91,5927622
427896,82,2429552
444992,83,2752575
247851,90,5363688
477619,78,1641313
715195,73,1026100
239849,96,9954156
516181,86,3823383
618588,66,524429
438845,80,2050545
598284,80,2000611
-1,-1
-1,-1
-1,-1
-1,-1
-1,-1
-1,-1
208205,282
163354,29
149685,44
240854,57
167010,139
287269,11
333754,2
36782,1513
-1,-1
113285,618
338056,70
-1,-1
264220,7
100964,643
-1,-1
-1,-1
-1,-1
126945,422
-1,-1
-1,-1
10698,753
125532,512
132546,112
71202,5
-1,-1
271609,10
310836,5
-1,-1
97415,69
-1,-1
123590,339
-1,-1
-1,-1
-1,-1
-1,-1
316379,40
-1,-1
385179,23
-1,-1
-1,-1
168499,1585
148515,42
111781,105
89518,50
-1,-1
-1,-1
-1,-1
-1,-1
-1,-1
-1,-1
-1,-1
-1,-1
-1,-1
376058,12
-1,-1
-1,-1
294523,70
157253,20
26822,650
36205,50
-1,-1
-1,-1
73147,15
-1,-1
265167,20
121358,40
52799,95
-1,-1
-1,-1
-1,-1
141974,35
133456,24
507812,50
792631,104
68349,175
228421,355
