270079,2140,319972530
300397,99,14038856
79916,99,19520203
97162,99,36539215
72307,99,56105949
55837,99,63992536
378897,87,4102119
69904,99,30226095
567757,93,7262471
510836,87,4179451
423555,91,6372463
681768,82,2464170
782850,85,3595999
290941,94,8098678
395111,86,3625432
379720,89,5210407
186776,95,9100009
449348,81,2287563
431477,85,3394673
35313,99,24829052
479504,92,7071084
346925,81,2319467
540065,80,2147104
333240,85,3337103
392400,54,152431
-1,0
-1,0
-1,0
-1,0
-1,0
-1,0
-1,0
125323,579
245266,29
147512,65
112106,180
127756,204
54755,92
221629,9
38755,1648
-1,2110
132562,618
243839,195
77212,31773
47362,679
36696,914
27111,2071
37127,118
50373,921
45785,303
116345,501
148855,250
401406,5
79859,240
15920,807
112928,778
117933,178
56898,37
-1,1
261434,25
114678,172
-1,4
123072,69
188308,163
90856,500
187282,160
96783,37
-1,0
76845,304
102350,478
161008,232
145657,169
428827,29
123096,152
471553,49
51345,3527
64247,300
52069,316
124201,175
172595,2
76577,278
84796,22
-1,0
264529,7
43789,357
88450,222
116832,44
206564,71
54942,148
123844,41
-1,1
36332,370
275006,109
199180,20
35275,674
35156,209
86196,25
8438,733
-1,1
47561,176
-1,0
220634,202
150081,44
42233,208
-1,0
232187,6
79324,274
34078,397
62400,143
450652,119
814525,132
23617,633
87841,183
191805,666
