367329,1978,145991944
603190,90,5780600
421753,94,8483320
528434,99,13083046
268366,99,23124220
158221,99,27714067
392357,82,2605685
332754,99,13529700
660998,85,3586982
574295,82,2459493
604319,82,2618392
760518,77,1604302
725576,84,3052167
280322,91,5946758
428187,82,2450118
449129,83,2752579
243371,90,5388117
481674,78,1641356
720560,73,1029442
220368,97,10724801
518245,86,3840241
622593,66,524429
441880,80,2051018
601643,80,2001111
-1,-1
-1,-1
-1,-1
-1,-1
-1,-1
-1,-1
204160,290
165138,29
145335,46
230038,61
165186,141
288962,11
334881,2
37078,1513
-1,-1
113511,618
341804,70
-1,-1
266040,7
62736,1075
-1,-1
101591,19
-1,-1
127541,422
-1,-1
-1,-1
10864,753
126226,512
128231,121
71864,5
-1,-1
273434,10
312353,5
-1,-1
98092,69
-1,-1
124174,339
-1,-1
-1,-1
-1,-1
-1,-1
318057,40
-1,-1
387434,23
-1,-1
-1,-1
169335,1585
117857,77
112762,105
94506,50
-1,-1
-1,-1
-1,-1
-1,-1
-1,-1
-1,-1
-1,-1
-1,-1
234368,20
378004,12
-1,-1
-1,-1
297302,70
158457,20
27108,650
39769,50
-1,-1
-1,-1
73805,15
-1,-1
266692,20
122225,40
53263,95
-1,-1
-1,-1
-1,-1
142515,35
134555,24
510213,50
796932,104
69020,175
229691,355
