379134,2006,195256505
145076,99,17622410
204370,99,14315194
133517,99,26330369
144816,99,35721219
170761,99,29532283
260298,90,5809734
254952,99,15839418
613808,90,5381550
521713,85,3410681
626701,84,2997398
383346,88,4794859
1135778,76,1440329
758719,77,1507514
424147,84,2996288
644227,80,2121088
226374,91,5962182
418878,81,2200578
647588,76,1406760
403068,92,7002922
652273,84,3155564
314798,81,2287806
900515,71,861406
591832,82,2558953
-1,-1
-1,-1
-1,-1
-1,-1
-1,-1
-1,-1
501784,105
1596594,1
763389,6
761267,9
306595,83
483820,4
336915,2
-1,-1
-1,-1
-1,-1
-1,-1
-1,-1
-1,-1
-1,-1
-1,-1
-1,-1
-1,-1
-1,-1
204494,311
-1,-1
127107,96
-1,-1
-1,-1
21793,846
54427,26
-1,-1
194769,27
-1,-1
109958,61
267816,28
71561,437
82555,505
68339,456
-1,-1
-1,-1
-1,-1
235229,133
228867,107
-1,-1
732080,5
235038,34
283208,115
399139,458
159994,45
-1,-1
-1,-1
-1,-1
92394,154
110671,7
-1,-1
-1,-1
-1,-1
-1,-1
-1,-1
-1,-1
409414,12
-1,-1
-1,-1
-1,-1
237237,12
194655,58
-1,-1
-1,-1
-1,-1
-1,-1
27596,333
-1,-1
-1,-1
90375,69
-1,-1
22642,2
189714,6
-1,-1
188532,20
214315,9
265276,301
1090717,65
-1,-1
96566,143
206873,531
