495280,2007,195256505
161679,99,17622410
232999,99,14315194
163956,99,26330369
173686,99,35721219
200027,99,29532283
301507,90,5809734
302119,99,15839418
673998,90,5381550
607534,85,3410681
691193,84,2997398
430302,88,4794859
1247713,76,1440329
856618,77,1507514
488834,84,2996288
749711,80,2121088
263015,91,5962182
477299,81,2200578
740444,76,1406760
456375,92,7002922
746529,84,3155564
357250,81,2287806
1026662,71,861406
680760,82,2558953
-1,1,0
-1,0
-1,0
-1,0
-1,0
-1,0
-1,0
-1,0
560295,105
1780659,1
840501,6
834384,9
338428,83
536635,4
373944,2
-1,494
-1,2500
-1,0
-1,0
-1,0
-1,219
-1,0
-1,0
-1,0
-1,0
-1,0
221364,311
-1,0
-1,2
140563,96
-1,0
-1,0
23493,847
65847,26
-1,1
217922,27
-1,2
114595,61
299126,28
77379,437
90329,505
73596,456
-1,0
-1,0
-1,0
252408,133
257019,107
-1,4
832735,5
266003,34
302176,115
436153,458
175303,45
-1,3
-1,4
-1,0
103360,154
121983,7
-1,0
-1,0
-1,0
-1,3
-1,1
-1,0
-1,0
452136,12
-1,0
-1,0
-1,4
271680,12
237733,58
-1,0
-1,0
-1,0
-1,0
31916,333
-1,1
-1,0
100452,69
-1,1
26712,2
209124,6
-1,0
203665,20
246553,9
292859,301
1176819,65
-1,0
111086,143
227058,531
