234286,2090,183461749
341623,99,13199047
399726,97,10698569
465605,99,13395310
314071,99,22219369
352873,99,16741282
498431,80,2116530
428994,99,13114408
462691,95,9010562
376470,89,4923441
420187,90,5553572
328264,90,5782758
911708,80,2083548
246502,94,8212251
259984,88,4411998
231094,93,7200248
190193,92,6738338
260047,85,3441000
335865,87,3981860
241390,97,10801367
217343,99,13398346
434767,75,1311417
432204,81,2319514
417606,83,2807014
-1,-1
-1,-1
-1,-1
-1,-1
-1,-1
-1,-1
547389,84
-1,-1
-1,-1
329708,40
443707,44
-1,-1
-1,-1
-1,-1
-1,-1
-1,-1
416602,65
-1,-1
-1,-1
-1,-1
101441,703
-1,-1
-1,-1
-1,-1
20965,1062
-1,-1
-1,-1
-1,-1
310870,18
132479,125
-1,-1
-1,-1
-1,-1
-1,-1
-1,-1
398290,15
237199,88
76149,523
318450,37
-1,-1
-1,-1
77136,568
78405,530
-1,-1
41825,139
-1,-1
-1,-1
285992,911
-1,-1
164164,67
244086,20
-1,-1
-1,-1
-1,-1
-1,-1
-1,-1
-1,-1
-1,-1
-1,-1
-1,-1
182424,30
-1,-1
-1,-1
597068,24
295206,5
94095,295
-1,-1
-1,-1
-1,-1
-1,-1
-1,-1
-1,-1
83184,823
-1,-1
-1,-1
-1,-1
130708,10
-1,-1
-1,-1
-1,-1
530625,50
835642,106
-1,-1
181943,46
279708,256
