208842,2073,170687026
339142,99,13045470
359502,96,9717007
508162,99,13056328
288739,99,20817048
348153,99,15151325
447186,80,2030567
408371,98,12322708
469051,92,6518554
356759,87,4081077
371380,90,5553284
320095,88,4787646
802448,80,2079725
207498,94,8211360
358731,83,2792858
174118,92,7192163
153391,92,6618764
210627,85,3432650
283354,86,3870356
215281,96,9940458
217664,99,13145576
365368,75,1291213
371471,81,2225325
341330,83,2805564
-1,-1
-1,-1
-1,-1
-1,-1
-1,-1
-1,-1
507874,75
-1,-1
-1,-1
343918,31
393134,44
-1,-1
-1,-1
-1,-1
-1,-1
-1,-1
307182,65
-1,-1
-1,-1
86884,703
-1,-1
18277,1062
-1,-1
-1,-1
-1,-1
265169,18
145918,79
-1,-1
-1,-1
-1,-1
-1,-1
-1,-1
325145,15
210149,88
67412,523
283751,37
-1,-1
-1,-1
67727,568
66194,530
-1,-1
35209,136
-1,-1
-1,-1
251012,911
-1,-1
134846,67
-1,-1
-1,-1
-1,-1
-1,-1
-1,-1
-1,-1
-1,-1
-1,-1
-1,-1
-1,-1
154457,30
-1,-1
-1,-1
477452,24
241319,5
71776,295
-1,-1
-1,-1
-1,-1
-1,-1
71669,823
-1,-1
-1,-1
-1,-1
119293,9
-1,-1
-1,-1
-1,-1
466819,50
736193,106
149339,46
245363,256
