151668,2219,264187946
116800,99,19570140
145255,99,15941289
187980,99,22231819
161753,99,35059725
159789,99,32523455
338815,88,4534218
249192,99,16487555
474293,96,10535844
364306,91,6332074
449399,90,5820948
347940,91,5907557
999979,80,2094241
258128,95,9185595
287693,88,4472077
214424,95,9333720
176354,95,8987067
240328,87,4142483
353079,88,4677228
123520,99,15260284
137606,99,15292309
156926,91,6300245
363522,84,3209122
284946,85,3491071
100932,83,2797880
-1,0
-1,0
-1,0
-1,0
-1,0
-1,0
-1,0
324747,215
-1,1
1434992,2
122617,156
433320,53
822018,1
393097,2
-1,0
-1,2500
-1,0
270315,171
-1,0
-1,430
102426,400
110390,703
69738,62
31699,1094
-1,1
22921,1062
-1,0
-1,0
-1,1
53159,1303
117753,168
-1,0
-1,1
-1,1
-1,1
-1,0
449974,15
254540,88
82185,523
341381,37
-1,4
23704,58
-1,1
81721,568
84275,530
-1,0
32968,166
-1,1
-1,3
304770,914
-1,3
183591,67
160389,98
-1,0
-1,0
-1,0
-1,0
-1,0
-1,2
-1,3
-1,1
-1,0
-1,0
198023,30
-1,0
-1,1
730809,24
335060,5
109113,296
254873,8
-1,1
303350,20
85368,7
-1,0
-1,0
89751,823
175721,31
66166,109
144013,1
137470,10
155960,7
-1,0
-1,0
549939,53
903349,106
67735,124
201899,46
283545,306
