206862,2045,151088506
359230,96,10367431
325899,95,9396166
555320,96,10686081
318968,99,17851167
470172,97,11640639
441311,79,1876984
360266,98,12055206
450069,90,5729816
317782,87,3983402
344247,90,5395436
286576,88,4779336
937874,75,1221009
176561,94,8158073
338993,82,2457125
132253,92,7162463
168900,90,5481978
181204,85,3374194
243399,86,3801882
207460,95,9322790
233706,96,10570838
351950,73,1023171
365896,79,1960845
296402,83,2792474
-1,-1
-1,-1
-1,-1
-1,-1
-1,-1
-1,-1
473822,71
-1,-1
-1,-1
315027,31
380756,40
-1,-1
-1,-1
-1,-1
-1,-1
-1,-1
316463,37
-1,-1
113250,349
-1,-1
16342,1062
-1,-1
-1,-1
-1,-1
235344,18
135697,74
-1,-1
-1,-1
-1,-1
-1,-1
-1,-1
264286,15
192873,88
62355,523
259951,37
-1,-1
-1,-1
-1,-1
56526,530
-1,-1
39745,118
-1,-1
-1,-1
226399,911
-1,-1
121021,67
-1,-1
-1,-1
-1,-1
-1,-1
-1,-1
-1,-1
-1,-1
-1,-1
137814,30
-1,-1
388219,24
193409,5
52900,295
-1,-1
-1,-1
-1,-1
-1,-1
63371,823
-1,-1
-1,-1
-1,-1
108773,9
-1,-1
-1,-1
-1,-1
424705,50
847605,62
130936,46
225987,256
