235134,2090,186523544
306940,99,13448968
385905,97,11592207
442715,99,13537416
301449,99,22865959
334844,99,17418418
494230,80,2145034
417645,99,13172042
463617,95,9020591
377854,89,4923441
420974,90,5554393
329008,90,5786383
914482,80,2083548
247316,94,8213116
260340,88,4412741
232027,93,7202218
190511,92,6768213
261027,85,3441016
337045,87,3981860
234818,97,11088333
218089,99,13398346
436684,75,1311417
429553,81,2350600
419209,83,2807284
-1,-1
-1,-1
-1,-1
-1,-1
-1,-1
-1,-1
548401,84
-1,-1
-1,-1
330137,40
444618,44
-1,-1
-1,-1
-1,-1
-1,-1
-1,-1
419250,65
-1,-1
-1,-1
-1,-1
101679,703
-1,-1
-1,-1
-1,-1
21029,1062
-1,-1
-1,-1
-1,-1
311743,18
132647,125
-1,-1
-1,-1
-1,-1
-1,-1
-1,-1
399586,15
237703,88
76344,523
319055,37
-1,-1
-1,-1
77271,568
78625,530
-1,-1
41954,139
-1,-1
-1,-1
286548,911
-1,-1
164770,67
94428,98
-1,-1
-1,-1
-1,-1
-1,-1
-1,-1
-1,-1
-1,-1
-1,-1
-1,-1
182977,30
-1,-1
-1,-1
599814,24
296093,5
94357,295
-1,-1
-1,-1
-1,-1
-1,-1
-1,-1
-1,-1
83361,823
273243,5
-1,-1
-1,-1
130784,10
-1,-1
-1,-1
-1,-1
531984,50
837515,106
-1,-1
182478,46
280400,256
