207016,2073,170687026
338316,99,13045470
358712,96,9717007
506750,99,13056328
287682,99,20817048
346348,99,15151325
443887,80,2030567
405677,98,12322708
466866,92,6518554
354543,87,4081077
369225,90,5553284
318353,88,4787646
798663,80,2079725
205548,94,8211360
355963,83,2792858
171398,92,7192163
152021,92,6618764
208166,85,3432650
281564,86,3870356
213750,96,9940458
216002,99,13145576
363201,75,1291213
368882,81,2225325
338605,83,2805564
-1,-1
-1,-1
-1,-1
-1,-1
-1,-1
-1,-1
505246,75
-1,-1
-1,-1
342234,31
391306,44
-1,-1
-1,-1
-1,-1
-1,-1
-1,-1
303569,65
-1,-1
-1,-1
86235,703
-1,-1
18328,1062
-1,-1
-1,-1
-1,-1
263630,18
145062,79
-1,-1
-1,-1
-1,-1
-1,-1
-1,-1
322048,15
209022,88
67030,523
282212,37
-1,-1
-1,-1
67253,568
65694,530
-1,-1
34896,136
-1,-1
-1,-1
249695,911
-1,-1
134106,67
-1,-1
-1,-1
-1,-1
-1,-1
-1,-1
-1,-1
-1,-1
-1,-1
-1,-1
-1,-1
153524,30
-1,-1
-1,-1
472994,24
238985,5
71090,295
-1,-1
-1,-1
-1,-1
-1,-1
71255,823
-1,-1
-1,-1
-1,-1
118643,9
-1,-1
-1,-1
-1,-1
466180,50
732784,106
147275,46
244535,256
