207984,2051,154226752
366658,96,10451376
332878,95,9443470
563754,97,10743541
313204,99,18421753
440637,99,13053304
453004,79,1922197
369501,98,12158964
460624,90,5729816
328518,87,3988844
352681,90,5395916
294182,88,4779336
963212,75,1221009
183444,94,8160273
350047,82,2457125
142852,92,7162463
167698,90,5550151
187359,85,3374195
255121,86,3801882
200117,96,9756924
239504,97,10827563
363419,73,1023171
363298,80,2011005
306601,83,2792474
-1,-1
-1,-1
-1,-1
-1,-1
-1,-1
-1,-1
483913,71
-1,-1
-1,-1
321390,31
387194,40
-1,-1
-1,-1
-1,-1
-1,-1
-1,-1
337917,37
-1,-1
86990,615
-1,-1
16751,1062
-1,-1
-1,-1
-1,-1
242436,18
137931,74
-1,-1
-1,-1
-1,-1
-1,-1
-1,-1
278872,15
196449,88
63348,523
265140,37
-1,-1
-1,-1
-1,-1
58522,530
-1,-1
40037,120
-1,-1
-1,-1
231832,911
-1,-1
123931,67
-1,-1
-1,-1
-1,-1
-1,-1
-1,-1
-1,-1
-1,-1
-1,-1
141522,30
-1,-1
408822,24
205396,5
57546,295
-1,-1
-1,-1
-1,-1
-1,-1
65304,823
-1,-1
-1,-1
-1,-1
110774,9
-1,-1
-1,-1
-1,-1
433071,50
868384,62
134626,46
230284,256
