41198,2277,425036082
145358,99,17180167
79515,99,18269244
60941,99,39533742
83028,99,44897035
100051,99,39286648
92971,99,13105198
88706,99,23167590
85614,99,14919240
72314,99,13978747
82161,99,13327150
133936,99,13041983
92037,99,13715045
61480,99,14094156
99370,99,13058124
29733,99,16037367
37784,99,13558244
70720,99,13109417
42120,99,15977261
74558,99,17098358
85623,99,17089239
60751,99,13078327
45265,99,14375862
59365,99,13137938
-1,-1
-1,-1
-1,-1
-1,-1
-1,-1
-1,-1
120194,492
115708,47
117726,63
161362,101
92568,223
101547,46
159718,12
43238,1413
-1,-1
-1,-1
52878,367
72682,11778
33507,609
180203,76
113822,597
80608,23
-1,-1
31450,351
28565,950
273327,5
96574,134
146202,38
99404,726
141109,109
73358,7
227999,10
187990,26
200311,46
113572,55
95325,74
148525,193
186019,242
148387,191
74776,25
100545,61
95668,463
190959,141
236321,50
147925,70
54553,261
340353,80
140061,1924
-1,-1
193436,46
57138,145
211103,1
125727,58
-1,-1
-1,-1
248866,6
156331,36
92892,126
241397,6
342749,10
29006,65
-1,-1
74968,71
403198,52
59341,54
51498,467
92556,27
-1,-1
108722,49
-1,-1
64066,49
-1,-1
192514,201
29154,142
14580,371
-1,-1
228680,5
39840,527
116807,59
164646,19
335646,177
238924,523
161666,57
148078,790
