65625,2218,305380368
161326,99,15022731
114877,99,15188571
70892,99,26880681
110789,99,31976393
162657,99,23182597
172590,92,6526814
125369,99,17023916
113647,99,13545395
125882,99,13057353
241567,95,8866408
175031,93,7678571
109475,99,13239232
55788,99,13711879
144978,90,5437794
72444,99,13095722
115270,94,7969876
103690,91,5909275
31002,99,15627056
73558,99,14783538
162243,99,13319514
128148,88,4616437
135690,90,5663721
69843,99,13056894
-1,-1
-1,-1
-1,-1
-1,-1
-1,-1
-1,-1
143653,333
108810,32
100256,52
163232,78
122337,156
231288,12
226367,3
38641,1207
-1,-1
-1,-1
30462,347
156770,55
106148,435
-1,-1
28060,870
211809,5
58704,134
90009,20
80018,696
142029,68
47578,5
173077,10
145422,26
175887,31
156600,16
77276,71
198389,85
241566,132
199943,83
61714,25
69941,6
75036,463
181494,100
183649,50
171808,49
47509,257
300484,80
111466,1924
-1,-1
153105,44
-1,-1
93279,48
-1,-1
-1,-1
200869,6
87868,33
61604,126
175752,6
164822,27
36653,71
282345,52
44967,54
31610,459
-1,-1
-1,-1
50474,29
-1,-1
154800,201
23035,135
43469,62
-1,-1
-1,-1
15619,468
94886,59
108115,19
297957,147
190842,522
126400,51
135986,706
