66613,2225,315411800
163488,99,15150670
113735,99,15383840
69849,99,28151322
108633,99,33204723
155306,99,24736843
179899,92,6552424
123751,99,17567745
111339,99,13648747
103720,99,13175378
231529,97,10849391
181213,93,7787359
114640,99,13239394
59079,99,13715709
124983,92,6584720
72021,99,13158253
122042,94,8031346
108653,91,5991858
32586,99,15647514
74893,99,14924100
149428,99,13569411
123013,90,5353277
138085,91,5927878
72905,99,13059898
-1,-1
-1,-1
-1,-1
-1,-1
-1,-1
-1,-1
147639,338
113528,33
103173,53
166982,79
124104,158
239410,12
234418,3
41615,1207
-1,-1
-1,-1
34315,349
151800,70
110902,435
-1,-1
29265,870
222527,5
63040,134
105352,20
83464,696
145057,70
52407,5
183891,10
152569,26
183569,31
140545,26
80221,71
203837,85
248820,132
205141,83
64175,25
84343,8
79118,463
189710,100
191097,50
172978,51
49280,257
307295,80
116411,1924
-1,-1
158261,44
-1,-1
101671,48
-1,-1
-1,-1
208582,6
97685,33
65150,126
188590,6
-1,-1
171050,27
43657,71
301948,52
47545,54
35352,459
-1,-1
-1,-1
51865,33
-1,-1
161006,201
24436,136
36087,103
-1,-1
-1,-1
20184,502
98713,59
118515,19
307825,147
199133,522
129986,52
137998,718
