45727,2277,430834903
148485,99,17546387
81837,99,18687191
68549,99,41004347
90926,99,46097270
110297,99,39801149
85436,99,13160381
101903,99,23619422
93743,99,14932443
80314,99,14007632
89860,99,13353952
140547,99,13045138
99451,99,13715045
65918,99,14136442
106020,99,13063124
32222,99,16198791
43651,99,13570944
78324,99,13111264
46414,99,16032277
75869,99,17868113
92962,99,17171501
62111,99,13108307
48933,99,14455790
63964,99,13147993
-1,-1
-1,-1
-1,-1
-1,-1
-1,-1
-1,-1
123125,528
112049,59
125838,67
171770,103
94648,233
94882,54
173032,12
46478,1413
-1,-1
-1,-1
65676,367
96430,11778
44207,624
99999,378
121502,597
138587,23
-1,-1
35236,351
30714,950
297791,5
104782,134
165094,38
108843,726
145963,109
79827,7
243220,10
200946,26
211260,46
117394,55
102766,74
156638,193
199257,242
155940,191
103282,25
-1,-1
124719,61
99708,463
201666,141
260867,50
160862,70
57575,261
352029,81
130953,2093
-1,-1
210292,46
76472,185
150028,2
132888,58
-1,-1
-1,-1
267282,6
178705,36
107771,126
258492,6
430176,10
31813,65
-1,-1
83427,71
464269,52
63229,54
56980,467
143414,27
-1,-1
200287,49
-1,-1
69262,49
-1,-1
205176,201
31057,142
16837,373
-1,-1
239154,5
49428,527
121724,59
179292,19
357700,177
255629,523
-1,-1
174353,57
156466,790
