58506,2271,396847748
151289,99,16555383
91537,99,17178657
62642,99,35858927
89837,99,41058316
110443,99,35144085
176150,97,10786752
99839,99,21216558
86135,99,14647119
89306,99,13522093
95838,99,13211454
138263,99,13035525
87340,99,13700225
61920,99,13948492
105087,99,13039500
39117,99,14691865
45780,99,13347578
67895,99,13092789
39391,99,15961900
75911,99,16362953
114934,99,15123897
104178,95,8789357
55507,99,13486830
75185,99,13087493
-1,-1
-1,-1
-1,-1
-1,-1
-1,-1
-1,-1
123636,454
109038,45
110267,62
162193,95
94961,211
141447,31
164635,10
40981,1413
-1,-1
-1,-1
46045,365
52171,11778
169790,76
108182,597
-1,-1
-1,-1
59684,96
30839,900
259246,5
88617,134
130289,38
93676,726
154311,82
70767,5
216116,10
178310,26
213873,31
119130,50
89603,74
142657,193
178006,241
142919,191
71837,25
106692,35
91424,463
180596,141
224052,50
172760,59
52342,261
331220,80
133972,1924
-1,-1
180984,46
89206,55
-1,-1
118445,58
-1,-1
-1,-1
235802,6
139388,36
81581,126
228270,6
289226,10
29435,63
-1,-1
66126,71
373354,52
56340,54
47534,462
-1,-1
-1,-1
-1,-1
58350,48
-1,-1
183404,201
28936,138
17540,303
-1,-1
-1,-1
32812,525
112501,59
153555,19
319482,175
227142,523
151605,57
149723,734
