59112,2247,346067220
161366,99,15437945
108819,99,15747571
64582,99,30454245
99881,99,35478948
136783,99,27692107
171746,94,7955235
116749,99,18379046
102226,99,13877540
88206,99,13362141
130159,99,13073981
169967,95,8870081
93453,99,13454872
55482,99,13870939
107927,96,9958910
53770,99,13589366
111227,97,10764033
102190,92,6920620
35038,99,15697408
73193,99,15216491
112471,99,14562425
122881,90,5508624
64417,99,13123820
71189,99,13070872
-1,-1
-1,-1
-1,-1
-1,-1
-1,-1
-1,-1
143943,357
117567,34
106187,54
157609,88
119743,166
246850,12
242262,3
42514,1239
-1,-1
-1,-1
37016,354
34805,2695
152039,76
103720,519
-1,-1
30016,873
230831,5
68131,134
94367,38
86523,696
143228,78
56666,5
191906,10
157785,26
190700,31
135464,31
78524,74
208860,85
255639,132
209895,83
66015,25
91830,13
82474,463
161971,141
198307,50
159045,57
49933,258
312681,80
120245,1924
-1,-1
162922,44
34857,35
-1,-1
108719,48
-1,-1
-1,-1
214627,6
107631,33
68050,126
197620,6
185960,10
176064,27
-1,-1
48891,71
317911,52
49634,54
38562,459
-1,-1
-1,-1
51054,45
-1,-1
165736,201
25874,136
27062,167
-1,-1
-1,-1
23088,518
102149,59
126454,19
313939,151
205000,523
133948,52
138928,734
