15896,2277,613904777
126810,99,18008817
42716,99,21839446
31761,99,56760845
30253,99,70545078
22952,99,82497920
6237,99,15265718
36548,99,32481779
18077,99,29332374
14801,99,26249141
12805,99,18339663
16485,99,19928664
21360,99,19456480
6569,99,18701482
28057,99,13797445
15302,99,20067488
4045,99,22196448
14041,99,14858909
46466,99,15435407
23784,99,24976266
42256,99,22480205
36357,99,13380571
12841,99,23844417
15005,99,13460214
-1,-1
-1,-1
-1,-1
-1,-1
-1,-1
-1,-1
9366,2311
8913,562
17708,381
58446,267
6533,672
2742,328
26045,101
84302,916
-1,-1
96328,844
137160,214
66000,12165
2981,1010
29291,831
9390,3109
26884,76
13715,1133
31823,328
61857,664
70285,21
45588,382
14306,676
135387,497
19775,880
41132,43
28362,195
164576,32
55481,356
59109,146
37942,151
64412,460
75869,516
60573,487
79053,25
56479,202
43376,855
60887,682
100154,186
132834,74
30201,408
127799,287
98231,2408
58240,276
29573,399
21709,247
8140,18
41398,583
45187,60
-1,-1
67995,21
12851,590
20998,656
62651,82
43452,234
53666,53
-1,-1
35365,251
147642,141
76882,45
46821,489
7779,276
32796,128
51672,116
26273,163
51535,89
-1,-1
45477,1327
5218,272
35481,179
26196,2
110323,11
60474,162
111241,64
33502,228
182298,455
19169,766
20731,510
24171,3135
