18290,2277,528621638
128116,99,17129544
55503,99,19386792
39598,99,41837668
35730,99,58665149
26689,99,69762194
7214,99,14648803
38551,99,28818569
27406,99,21323729
16150,99,22881583
20095,99,15372543
16993,99,18895983
24551,99,17555085
10061,99,16434857
24501,99,13761330
26154,99,15617232
7110,99,16616604
15184,99,14336366
45781,99,14774454
34664,99,19633750
38823,99,21771331
33181,99,13350026
11633,99,22634454
13902,99,13413592
-1,-1
-1,-1
-1,-1
-1,-1
-1,-1
-1,-1
10956,1903
9492,389
15568,359
59115,245
7582,572
3842,249
24674,89
76660,879
-1,-1
90885,844
105184,214
-1,-1
25290,831
11667,2691
23874,328
56563,664
170251,7
51090,235
10045,676
123327,483
22115,778
49236,14
25661,195
155784,29
68967,241
60356,133
33737,148
75805,368
88766,428
70078,398
73223,25
53845,123
39551,855
63537,569
134335,106
116811,74
36343,327
128430,267
88415,2405
50846,276
29587,344
16517,132
9707,14
40679,498
42439,60
-1,-1
281540,5
27957,282
23185,422
56153,82
31634,234
46112,53
-1,-1
26128,251
123636,141
68981,45
38801,489
27858,96
25479,91
50299,59
-1,-1
40566,1322
5123,261
33686,150
-1,-1
111059,10
50479,107
102377,64
27863,228
166457,455
33066,680
16693,510
24132,3049
