17920,2277,513741276
123165,99,17075402
58680,99,18735487
39216,99,39878394
35765,99,56117012
27265,99,66352294
6508,99,14639950
39160,99,27353771
26020,99,21317761
16347,99,21829572
21766,99,14868338
18492,99,17980760
23698,99,17513761
9393,99,16378707
23925,99,13678382
25139,99,15352820
6613,99,16508656
16976,99,14004410
43344,99,14770504
33393,99,19425901
38612,99,21196126
31663,99,13346339
10924,99,22007367
12857,99,13409562
-1,-1
-1,-1
-1,-1
-1,-1
-1,-1
-1,-1
10999,1821
8746,377
14797,351
58438,239
8221,540
4043,234
26035,80
73710,860
-1,-1
81422,844
93740,214
-1,-1
24250,831
10987,2691
20166,328
54276,664
162577,7
44517,235
9452,600
119835,467
21769,765
43655,14
24266,195
148205,29
64387,241
58927,133
31439,148
87690,306
103020,366
80173,337
70844,25
51426,99
37605,855
59950,569
126530,106
112493,73
34877,327
125063,267
84085,2405
47854,276
28017,344
5747,100
11405,12
40988,441
44764,52
-1,-1
271568,5
31330,213
21644,422
53056,82
24209,234
90009,40
-1,-1
31854,149
113633,141
65091,45
35037,486
23935,86
23204,73
47033,59
-1,-1
41871,1247
5055,256
33968,125
-1,-1
107574,10
43304,107
97895,64
24824,228
166172,442
31513,680
16444,476
24759,3010
