9876,2376,728953618
118594,99,19651305
17369,99,30921618
27919,99,75849128
24211,99,90233014
18797,99,102719027
4592,99,16891234
35383,99,39001197
20453,99,30084626
17163,99,27712808
12325,99,20523961
15190,99,21985275
23557,99,20330356
6269,99,20181857
33581,99,13889506
10363,99,26310595
5089,99,22691743
14936,99,15186071
54593,99,15579297
16405,99,31874387
50849,99,22725734
37588,99,13642230
15346,99,24222286
14568,99,13710698
53367,99,13035665
-1,0
-1,0
-1,0
-1,0
-1,0
-1,0
-1,0
10232,2677
5662,652
21605,417
63509,291
6719,785
2570,411
26241,121
70380,1103
-1,2361
106743,844
187082,221
103811,22993
4838,1116
23573,1102
4364,4464
39907,106
27673,1253
41460,328
63336,696
88069,21
53239,413
18622,700
162717,500
18805,950
32417,106
32586,195
187895,32
26628,741
60831,154
45790,151
53684,580
73190,576
50659,609
127906,25
-1,0
53068,469
45754,877
64670,737
106027,234
148661,78
28317,468
137890,291
100980,2523
66215,281
29134,471
69980,247
7183,23
36934,787
45709,66
-1,0
13242,78
17915,595
32422,656
48263,137
66670,234
55698,72
63330,53
-1,0
46289,251
193626,141
72427,52
58034,494
9928,424
42387,160
47844,367
18801,501
34489,278
-1,0
52069,1327
4296,303
35671,231
22428,3
63157,18
84038,203
93877,103
33920,279
150117,640
22689,768
61228,197
26402,510
25447,3199
