341792,1976,138843975
414553,96,10061595
419605,93,7606156
374863,99,13505535
253235,99,22724785
211665,99,21350421
311566,85,3336253
269089,99,13993767
819524,80,2003025
504481,83,2721516
707761,80,1986144
738266,77,1553711
711327,83,2757555
524226,80,2044677
354745,84,2952350
664643,76,1424948
293089,86,3628738
411473,79,1799762
443599,80,1986784
225841,96,9719900
351510,92,6761583
385612,74,1185014
636813,73,999891
387329,83,2739865
-1,-1
-1,-1
-1,-1
-1,-1
-1,-1
-1,-1
273268,195
180951,23
748582,5
230948,56
279997,76
129052,31
227737,4
-1,-1
-1,-1
-1,-1
406481,40
-1,-1
167856,59
-1,-1
-1,-1
211215,262
110141,11
-1,-1
-1,-1
186088,201
166630,58
-1,-1
-1,-1
154495,29
115910,111
-1,-1
358150,11
134325,193
96169,401
187302,113
62791,27
-1,-1
207276,136
74635,473
204839,50
307786,29
119926,103
72930,442
30477,3885
88781,116
130940,73
-1,-1
-1,-1
83164,127
-1,-1
-1,-1
44866,26
-1,-1
148997,50
-1,-1
-1,-1
207758,24
-1,-1
97773,12
278697,67
188205,12
-1,-1
-1,-1
-1,-1
-1,-1
-1,-1
125842,412
-1,-1
-1,-1
-1,-1
-1,-1
-1,-1
134637,35
-1,-1
265171,228
652012,131
116799,76
138971,759
