302525,1963,134113971
369350,96,9760186
373925,93,7432144
338380,99,13437862
223892,99,22184393
191790,99,20407172
261795,85,3332783
247696,99,13575398
733778,80,2003025
441262,82,2647255
680844,78,1644819
674185,77,1520066
632821,83,2716542
444524,80,2044473
333307,82,2490898
574133,76,1338138
247433,86,3628588
395652,77,1556979
435169,76,1375802
200446,95,9487710
295469,92,6760932
335281,74,1118669
580966,72,910272
324941,83,2739865
-1,-1
-1,-1
-1,-1
-1,-1
-1,-1
-1,-1
240387,193
144472,23
686242,5
205591,56
254227,75
114314,30
199685,4
-1,-1
-1,-1
-1,-1
298402,40
150440,59
-1,-1
-1,-1
220288,222
92319,11
-1,-1
-1,-1
161012,201
147987,58
-1,-1
-1,-1
132721,29
103167,103
-1,-1
279503,11
121108,193
86564,401
169513,113
56366,27
-1,-1
180916,136
63452,460
175018,50
262159,29
103395,103
252965,105
29332,3697
75862,116
114811,73
-1,-1
64540,122
-1,-1
-1,-1
148451,8
-1,-1
126210,50
-1,-1
182868,24
-1,-1
221023,67
146023,12
-1,-1
-1,-1
-1,-1
-1,-1
-1,-1
109977,412
-1,-1
-1,-1
-1,-1
-1,-1
-1,-1
118339,33
-1,-1
249108,213
576072,131
99035,76
135858,694
