343622,1976,138843975
415984,96,10061595
420992,93,7606156
376189,99,13505535
254574,99,22724785
212695,99,21350421
313091,85,3336253
270634,99,13993767
822015,80,2003025
506534,83,2721516
709859,80,1986144
740098,77,1553711
713891,83,2757555
526612,80,2044677
356335,84,2952350
668186,76,1424948
294493,86,3628738
413669,79,1799762
445458,80,1986784
227013,96,9719900
353220,92,6761583
387293,74,1185014
639729,73,999891
389467,83,2739865
-1,-1
-1,-1
-1,-1
-1,-1
-1,-1
-1,-1
274516,195
182214,23
750703,5
231815,56
281130,76
129705,31
228838,4
-1,-1
-1,-1
-1,-1
409815,40
-1,-1
168434,59
-1,-1
-1,-1
212024,262
110711,11
-1,-1
-1,-1
186955,201
167242,58
-1,-1
-1,-1
155293,29
116592,111
-1,-1
360610,11
134830,193
96549,401
188017,113
62984,27
-1,-1
207991,136
75057,473
205981,50
309284,29
120565,103
73113,442
30653,3885
89307,116
131535,73
-1,-1
-1,-1
83610,127
-1,-1
-1,-1
45062,26
-1,-1
149796,50
-1,-1
-1,-1
208678,24
-1,-1
99173,12
280546,67
189455,12
-1,-1
-1,-1
-1,-1
-1,-1
-1,-1
126348,412
-1,-1
-1,-1
-1,-1
-1,-1
-1,-1
135307,35
-1,-1
265594,228
654398,131
117667,76
139087,759
