329435,1976,138843975
404377,96,10061595
409601,93,7606156
365614,99,13505535
245285,99,22724785
204971,99,21350421
299961,85,3336253
258040,99,13993767
802067,80,2003025
490125,83,2721516
692516,80,1986144
722733,77,1553711
694003,83,2757555
506482,80,2044677
342410,84,2952350
638841,76,1424948
282986,86,3628738
394660,79,1799762
429868,80,1986784
218500,96,9719900
339333,92,6761583
373612,74,1185014
616533,73,999891
373184,83,2739865
-1,-1
-1,-1
-1,-1
-1,-1
-1,-1
-1,-1
265012,195
172608,23
733848,5
225044,56
272749,76
125000,31
220344,4
-1,-1
-1,-1
-1,-1
384391,40
-1,-1
164031,59
-1,-1
-1,-1
206032,262
106605,11
-1,-1
-1,-1
180410,201
161945,58
-1,-1
-1,-1
149394,29
111450,111
-1,-1
342167,11
130542,193
93457,401
182374,113
61576,27
-1,-1
202306,136
72025,473
197455,50
297752,29
116035,103
71570,442
29341,3885
85599,116
126984,73
-1,-1
-1,-1
80066,127
-1,-1
-1,-1
43527,26
-1,-1
144230,50
-1,-1
-1,-1
202246,24
-1,-1
89665,12
266199,67
179590,12
-1,-1
-1,-1
-1,-1
-1,-1
-1,-1
122258,412
-1,-1
-1,-1
-1,-1
-1,-1
-1,-1
130881,35
-1,-1
261862,228
636044,131
109726,76
136595,759
