332341,1976,138843975
407485,96,10061595
412552,93,7606156
368264,99,13505535
247617,99,22724785
206881,99,21350421
302882,85,3336253
260856,99,13993767
806354,80,2003025
493486,83,2721516
696149,80,1986144
726679,77,1553711
698310,83,2757555
511079,80,2044677
345322,84,2952350
645337,76,1424948
285362,86,3628738
399231,79,1799762
433405,80,1986784
220160,96,9719900
342262,92,6761583
376655,74,1185014
621546,73,999891
376662,83,2739865
-1,-1
-1,-1
-1,-1
-1,-1
-1,-1
-1,-1
266812,195
174480,23
737368,5
226292,56
274350,76
125873,31
221958,4
-1,-1
-1,-1
-1,-1
389794,40
-1,-1
164922,59
-1,-1
-1,-1
207230,262
107431,11
-1,-1
-1,-1
181681,201
163025,58
-1,-1
-1,-1
150527,29
112501,111
-1,-1
345727,11
131314,193
94030,401
183444,113
61848,27
-1,-1
203482,136
72630,473
199144,50
300056,29
116873,103
71859,442
29594,3885
86301,116
127908,73
-1,-1
-1,-1
80911,127
-1,-1
-1,-1
43863,26
-1,-1
145312,50
-1,-1
-1,-1
203487,24
-1,-1
91708,12
269193,67
181697,12
-1,-1
-1,-1
-1,-1
-1,-1
-1,-1
123022,412
-1,-1
-1,-1
-1,-1
-1,-1
-1,-1
131863,35
-1,-1
263237,228
639910,131
111460,76
137161,759
