183026,2091,169680348
359421,98,12452814
509704,90,5569237
341262,99,13679216
335500,99,18568750
528280,97,11158138
324134,84,3094740
307607,99,13367283
387346,96,10061916
265110,90,5869785
521158,84,3103529
216537,92,6657885
86582,99,13556886
239584,91,6360953
185061,89,4978861
172864,92,6906937
217941,90,5364700
316609,80,2181241
287887,86,3603297
289597,93,7603779
335929,92,6807566
207249,84,2959606
264346,84,3095255
449039,83,2677974
-1,-1
-1,-1
-1,-1
-1,-1
-1,-1
-1,-1
76097,587
23896,154
33935,165
119585,121
174389,123
155777,24
-1,-1
-1,-1
-1,-1
-1,-1
62007,270
-1,-1
-1,-1
-1,-1
-1,-1
109178,444
235146,5
-1,-1
43450,151
249531,32
147851,73
-1,-1
105154,37
194931,23
-1,-1
-1,-1
2142,679
71758,376
112427,342
66128,409
98981,25
-1,-1
-1,-1
316617,30
160362,73
311954,27
137920,71
185589,175
116188,1980
-1,-1
247275,10
-1,-1
52271,4
-1,-1
72429,16
-1,-1
273607,5
-1,-1
129158,57
-1,-1
-1,-1
254325,19
-1,-1
-1,-1
17070,491
156521,16
71497,281
-1,-1
-1,-1
-1,-1
-1,-1
136806,332
78294,61
-1,-1
-1,-1
92527,11
-1,-1
-1,-1
109166,26
489302,47
185264,539
57485,173
224439,315
