215932,2101,177859345
414961,98,12793001
526125,91,6380847
388887,99,13878286
377902,99,19314441
597874,97,11536310
384904,84,3102220
323230,99,13919289
439003,96,10091391
294427,92,6681366
511022,86,3954583
251757,92,6674545
100163,99,13587638
252505,93,7742981
222703,89,5012916
191838,94,8572076
265886,90,5369730
368776,81,2296139
346260,86,3608969
346910,93,7637676
400007,92,6849432
243623,84,3018755
320681,84,3158110
537421,83,2678644
-1,-1
-1,-1
-1,-1
-1,-1
-1,-1
-1,-1
94252,590
35061,154
44417,166
135736,122
202913,123
180129,25
-1,-1
-1,-1
-1,-1
-1,-1
88878,274
-1,-1
58698,513
-1,-1
-1,-1
-1,-1
-1,-1
-1,-1
75471,602
275600,5
-1,-1
71643,151
293357,32
166188,75
-1,-1
120008,37
238404,23
-1,-1
-1,-1
2891,679
81113,376
128748,342
74298,409
106696,25
-1,-1
-1,-1
369263,30
191132,73
370024,27
158734,75
176164,207
134647,1980
-1,-1
289343,10
-1,-1
64501,4
-1,-1
83460,16
-1,-1
313690,5
-1,-1
162460,57
-1,-1
-1,-1
228726,25
-1,-1
-1,-1
23155,491
191925,16
72198,368
-1,-1
-1,-1
-1,-1
-1,-1
-1,-1
-1,-1
158026,332
94211,62
-1,-1
-1,-1
107717,11
-1,-1
-1,-1
140264,26
560896,47
214451,539
63326,208
245006,346
