171044,2086,166007824
335333,98,12405333
480303,90,5556093
327663,99,13600258
312243,99,18502250
497103,97,11117655
300811,84,3053303
284065,99,13333692
364598,96,10058496
255210,90,5511411
509780,83,2857098
213705,91,6377395
81040,99,13550781
239981,90,5481466
168773,89,4975376
188822,90,5382681
200373,90,5362979
296187,80,2138662
264953,86,3601706
271396,93,7603779
309120,92,6806687
192074,84,2959606
237579,84,3093807
416905,83,2677310
-1,-1
-1,-1
-1,-1
-1,-1
-1,-1
-1,-1
69769,587
20326,154
30736,165
113076,121
165541,123
146677,24
-1,-1
-1,-1
-1,-1
-1,-1
52032,270
-1,-1
-1,-1
-1,-1
102611,444
217922,5
-1,-1
32872,151
233772,32
139621,72
-1,-1
98911,37
175831,23
-1,-1
-1,-1
1986,679
68794,376
107287,341
68912,379
95449,25
-1,-1
-1,-1
294106,30
148495,73
289436,27
128795,71
178671,175
108484,1980
-1,-1
230965,10
49639,4
-1,-1
69420,16
-1,-1
257873,5
-1,-1
118966,57
-1,-1
240579,19
-1,-1
14539,491
140521,16
62629,271
-1,-1
-1,-1
-1,-1
-1,-1
128480,332
69666,61
-1,-1
-1,-1
87075,11
-1,-1
-1,-1
-1,-1
459049,47
172917,539
53928,173
213779,315
