208418,2098,174367939
400841,98,12710865
558402,90,5638443
377506,99,13808340
372581,99,18911225
581379,97,11397788
369654,84,3102220
314250,99,13836235
426662,96,10071441
281399,92,6647430
498450,86,3925351
243312,92,6663505
95868,99,13587638
252529,93,7385566
214440,89,4997201
214054,92,7108210
254826,90,5367900
358642,81,2259197
332938,86,3608616
332608,93,7637676
383499,92,6848963
233588,84,3018755
306159,84,3156730
515571,83,2678644
-1,-1
-1,-1
-1,-1
-1,-1
-1,-1
-1,-1
89258,590
32053,154
41404,166
130876,122
195902,123
172597,25
-1,-1
-1,-1
-1,-1
-1,-1
81063,274
-1,-1
-1,-1
-1,-1
-1,-1
-1,-1
-1,-1
84473,555
266495,5
-1,-1
65182,151
281513,32
161784,75
-1,-1
116168,37
228474,23
-1,-1
-1,-1
2672,679
78854,376
124672,342
72354,409
104934,25
-1,-1
-1,-1
356339,30
183734,73
355414,27
152760,75
172578,207
130549,1980
-1,-1
278280,10
-1,-1
61108,4
-1,-1
80153,16
-1,-1
303019,5
-1,-1
151831,57
-1,-1
-1,-1
221327,25
-1,-1
-1,-1
21803,491
184024,16
82334,309
-1,-1
-1,-1
-1,-1
-1,-1
-1,-1
152862,332
90037,62
-1,-1
-1,-1
104210,11
-1,-1
-1,-1
133695,26
541609,47
207510,539
59894,208
236470,346
