171677,2065,153960678
318139,98,11838274
463924,90,5429293
483337,98,12301055
315918,99,17227271
486462,96,10118209
294918,82,2480685
323157,98,12648306
338594,96,9927138
344395,85,3363675
483702,83,2748903
197812,91,6307421
73516,99,13550164
235759,88,4665347
159318,88,4685521
239432,85,3364459
184670,90,5351647
278352,80,2078180
249889,85,3264291
260616,93,7332835
278610,92,6780046
174411,83,2931513
216952,84,3064040
402074,82,2502405
-1,-1
-1,-1
-1,-1
-1,-1
-1,-1
69906,542
16523,152
27291,163
126346,98
169373,113
180261,16
-1,-1
-1,-1
-1,-1
-1,-1
37097,268
-1,-1
-1,-1
-1,-1
121365,368
198685,5
-1,-1
-1,-1
214071,32
134766,68
-1,-1
-1,-1
149157,23
-1,-1
-1,-1
1774,679
79697,306
100699,341
80122,307
90532,25
-1,-1
265512,30
135836,73
262988,27
117255,71
231358,115
99319,1980
-1,-1
-1,-1
53400,3
-1,-1
64810,16
-1,-1
240279,5
-1,-1
106179,57
-1,-1
224241,19
-1,-1
11090,491
129035,11
78379,103
-1,-1
-1,-1
138174,233
57391,59
-1,-1
-1,-1
81121,11
-1,-1
-1,-1
424855,47
158093,539
55578,152
204848,298
