177192,2086,166584110
343970,98,12405333
490857,90,5556093
334140,99,13617828
320421,99,18516765
508888,97,11128095
309769,84,3053303
292892,99,13342543
373260,96,10060101
253236,90,5780071
520778,83,2857098
219002,91,6378285
83217,99,13550781
243131,90,5628456
174640,89,4977116
195367,90,5473040
206898,90,5363159
302703,80,2152522
271953,86,3601706
278039,93,7603779
319233,92,6806753
197194,84,2959606
244956,84,3094367
428307,83,2677310
-1,-1
-1,-1
-1,-1
-1,-1
-1,-1
-1,-1
71912,587
21616,154
31775,165
115231,121
168414,123
149583,24
-1,-1
-1,-1
-1,-1
-1,-1
55233,270
-1,-1
-1,-1
-1,-1
104934,444
224341,5
-1,-1
36829,151
239221,32
142712,72
-1,-1
101056,37
182592,23
-1,-1
-1,-1
2031,679
69774,376
109060,341
69861,379
96732,25
-1,-1
-1,-1
302776,30
152393,73
297587,27
132024,71
181251,175
111330,1980
-1,-1
237250,10
50345,4
-1,-1
70432,16
-1,-1
263637,5
-1,-1
122527,57
-1,-1
-1,-1
245597,19
-1,-1
15534,491
146160,16
65863,276
-1,-1
-1,-1
-1,-1
-1,-1
131660,332
72606,61
-1,-1
-1,-1
88988,11
-1,-1
-1,-1
-1,-1
469246,47
177537,539
55204,173
217350,315
