208041,2109,182605481
415630,98,13012510
517325,92,6608963
372453,99,14100903
374857,99,19559971
601290,97,11577121
388409,84,3102229
323355,99,13960101
441719,96,10096416
297245,92,6681846
417155,90,5565756
253570,92,6677375
100998,99,13587638
245505,94,8149266
224662,89,5016011
170829,96,10244469
268176,90,5370190
365583,81,2342767
349072,86,3608969
350326,93,7637676
403559,92,6849515
245975,84,3018755
323716,84,3158390
541863,83,2678644
-1,-1
-1,-1
-1,-1
-1,-1
-1,-1
-1,-1
93733,598
35694,154
45058,166
129320,130
204370,123
181721,25
-1,-1
-1,-1
-1,-1
-1,-1
90799,274
-1,-1
60581,517
-1,-1
-1,-1
-1,-1
-1,-1
-1,-1
75936,602
277527,5
-1,-1
26941,434
295690,32
166860,75
-1,-1
120798,37
240453,23
-1,-1
-1,-1
2927,679
81549,376
129656,342
74687,409
107022,25
-1,-1
-1,-1
371965,30
192683,73
373195,27
160069,75
176947,207
135467,1980
-1,-1
291623,10
-1,-1
65282,4
-1,-1
84164,16
-1,-1
315865,5
-1,-1
164658,57
-1,-1
-1,-1
230294,25
-1,-1
-1,-1
23413,491
193527,16
70301,379
-1,-1
-1,-1
-1,-1
-1,-1
-1,-1
-1,-1
159131,332
95148,62
-1,-1
-1,-1
108515,11
-1,-1
-1,-1
69249,99
565128,47
215813,539
64030,208
246878,346
