206197,2173,193293062
311099,99,13741495
546444,93,7489024
374356,99,14933269
387877,99,21097716
564812,99,13456430
443435,84,3193593
359603,99,14273314
478580,96,10502804
355243,92,6686787
469680,90,5566640
274595,92,6912604
114260,99,13588367
269635,94,8618282
258133,89,5073056
186922,98,12126633
285409,90,5464379
401770,82,2483636
396164,86,3736342
369921,94,8253737
462057,92,6928570
285624,84,3023755
365685,84,3232856
561365,83,2721857
273614,56,187916
-1,0
-1,0
-1,0
-1,0
-1,0
-1,0
-1,0
102244,646
48395,159
55879,169
131626,147
200066,139
170705,32
-1,0
-1,419
-1,2500
-1,0
124938,274
-1,0
82283,549
-1,0
-1,0
-1,0
-1,0
-1,0
82450,602
318203,5
-1,1
25266,543
332126,35
176459,77
-1,0
131200,37
272717,23
-1,1
-1,0
3769,679
88028,376
143106,342
80206,409
146630,25
-1,0
-1,1
311175,74
399156,33
228577,73
425629,27
179588,75
172573,228
129967,2143
296538,5
324842,10
405300,11
76751,4
-1,0
89737,16
-1,0
349825,5
-1,1
194294,57
-1,1
-1,0
-1,0
252587,25
-1,0
-1,0
29908,491
220303,16
81204,387
-1,0
-1,1
-1,3
-1,1
-1,0
-1,0
174486,332
104888,63
-1,3
-1,0
111373,12
-1,1
-1,1
74929,106
627984,47
242104,539
-1,0
73799,208
256959,391
