510203,1844,67301450
939952,80,2027198
803335,80,2171771
725657,93,7253658
890492,89,5275523
982750,85,3537811
828940,71,846685
1144564,81,2263742
733503,80,2146203
792543,75,1293051
896669,72,979834
591737,80,2015331
192829,99,13062541
571042,77,1512968
1010242,69,707881
649612,75,1277169
303089,84,3056630
448298,77,1476246
234671,89,4942543
658198,80,2062441
345912,91,5941322
603553,64,422045
389919,79,1883571
591262,74,1145286
-1,-1
-1,-1
-1,-1
-1,-1
-1,-1
-1,-1
307836,151
60184,60
232442,22
457568,18
344043,51
-1,-1
-1,-1
171773,555
-1,-1
64996,1069
289144,55
-1,-1
-1,-1
-1,-1
531996,61
-1,-1
173835,14
79799,40
-1,-1
220469,14
-1,-1
-1,-1
-1,-1
-1,-1
-1,-1
359905,6
-1,-1
309277,84
-1,-1
159184,13
-1,-1
-1,-1
-1,-1
277813,6
159100,54
-1,-1
385777,50
-1,-1
-1,-1
-1,-1
-1,-1
-1,-1
-1,-1
-1,-1
-1,-1
-1,-1
-1,-1
-1,-1
-1,-1
-1,-1
202474,83
-1,-1
-1,-1
-1,-1
-1,-1
-1,-1
-1,-1
-1,-1
138236,17
-1,-1
-1,-1
-1,-1
-1,-1
-1,-1
14182,361
-1,-1
145433,564
-1,-1
-1,-1
