553475,1969,107962457
992180,85,3448585
824193,87,4270448
548550,99,13460238
847209,96,10345076
967480,92,6672384
1112515,73,1020691
1109958,89,4923675
820886,85,3314105
759019,81,2336077
979862,77,1504299
786282,80,2045204
229001,99,13104986
702100,80,2100055
750812,76,1392358
814121,79,1863116
298653,90,5478004
506960,80,2056412
295180,91,6226335
614775,88,4428329
406991,96,9963594
531680,75,1249853
391937,84,3126660
291402,86,3631973
-1,1,0
-1,0
-1,0
-1,0
-1,0
-1,0
-1,0
-1,0
339460,219
107669,80
299032,28
436278,32
369168,73
477464,6
-1,0
288239,555
-1,2500
91093,1069
382077,125
-1,0
-1,331
-1,0
-1,0
-1,0
-1,0
-1,0
365441,184
-1,0
-1,0
271758,14
188865,40
-1,0
294018,16
-1,0
-1,0
-1,0
-1,0
-1,0
585815,6
-1,0
440635,84
-1,0
355318,13
-1,0
-1,0
-1,0
-1,1
432771,6
174333,72
-1,1
467466,50
574974,84
-1,0
-1,0
169080,122
-1,0
-1,0
-1,0
-1,0
-1,0
-1,0
-1,0
-1,0
61744,256
-1,0
-1,0
-1,0
-1,0
381614,83
116864,36
284321,20
270253,15
-1,0
-1,0
-1,0
-1,1
-1,0
-1,0
122774,56
129623,38
-1,0
194507,7
-1,0
-1,2
25231,375
-1,0
204113,564
-1,0
-1,0
494214,31
