460690,1950,102730935
870077,85,3381304
722050,87,4170131
573860,99,13103403
751204,96,10086436
870555,92,6519266
991229,72,973813
1002269,88,4784584
746904,85,3289762
724711,80,2045944
879532,77,1500201
710719,80,2032852
201873,99,13104986
673602,79,1856175
725820,75,1229408
729264,78,1697840
294641,89,5126640
480704,79,1933411
258885,91,6182939
547751,88,4428329
358828,95,9228096
508955,72,989826
388522,83,2725054
642698,81,2340535
-1,-1
-1,-1
-1,-1
-1,-1
-1,-1
-1,-1
315466,202
85685,71
270452,26
432230,27
333344,73
450850,5
-1,-1
262597,555
-1,-1
87389,1069
376668,88
-1,-1
-1,-1
-1,-1
-1,-1
-1,-1
-1,-1
-1,-1
332031,184
-1,-1
244433,14
153600,40
-1,-1
266983,16
-1,-1
-1,-1
-1,-1
-1,-1
-1,-1
504353,6
-1,-1
385919,84
-1,-1
265628,13
-1,-1
-1,-1
-1,-1
-1,-1
368869,6
155102,70
-1,-1
436928,50
516268,84
-1,-1
-1,-1
118842,86
-1,-1
-1,-1
-1,-1
-1,-1
-1,-1
-1,-1
-1,-1
-1,-1
48195,256
-1,-1
-1,-1
-1,-1
299791,83
161588,22
-1,-1
156569,15
-1,-1
-1,-1
-1,-1
-1,-1
-1,-1
-1,-1
108929,56
101205,38
-1,-1
177761,7
-1,-1
-1,-1
21746,375
-1,-1
184577,564
-1,-1
-1,-1
438700,31
