569276,1969,108449651
1008511,85,3449244
836769,87,4290809
561398,99,13460897
861153,96,10364154
981464,92,6672384
1109933,73,1086952
1117890,89,4968096
831560,85,3314105
771897,81,2340077
991888,77,1504299
765810,80,2175566
232560,99,13104986
712955,80,2105645
763847,76,1392483
829399,79,1869177
305196,90,5478004
494635,80,2140432
300101,91,6227160
625279,88,4430624
414098,96,10011051
542112,75,1249853
394557,84,3181380
297628,86,3632273
-1,1,0
-1,0
-1,0
-1,0
-1,0
-1,0
-1,0
-1,0
338109,225
108574,83
290466,30
436123,33
373792,73
483037,6
-1,0
289180,555
-1,2500
92313,1069
392463,125
-1,0
-1,333
-1,0
-1,0
-1,0
-1,0
-1,0
349989,199
-1,0
-1,0
275227,14
194503,40
-1,0
297726,16
-1,0
-1,0
-1,0
-1,0
-1,0
596230,6
-1,0
448096,84
-1,0
365371,13
-1,0
-1,0
-1,0
-1,1
441427,6
178164,72
-1,1
471626,50
582612,93
-1,0
-1,0
180066,122
-1,0
-1,0
-1,0
-1,0
-1,0
-1,0
-1,0
-1,0
-1,0
61312,256
-1,0
-1,0
-1,0
-1,0
390742,83
118152,36
289663,20
282493,15
-1,0
-1,0
-1,0
-1,1
-1,0
-1,0
125061,56
134680,38
-1,0
196676,7
-1,0
-1,2
25611,375
-1,0
205995,564
-1,0
-1,0
501859,31
