457342,1950,102730935
863186,85,3381304
717052,87,4170131
569119,99,13103403
745591,96,10086436
864436,92,6519266
983201,72,973813
994765,88,4784584
743007,85,3289762
719991,80,2045944
874640,77,1500201
706165,80,2032852
200255,99,13104986
669322,79,1856175
721106,75,1229408
722512,78,1697840
292571,89,5126640
476490,79,1933411
255981,91,6182939
544729,88,4428329
356311,95,9228096
503521,72,989826
384682,83,2725054
638255,81,2340535
-1,-1
-1,-1
-1,-1
-1,-1
-1,-1
-1,-1
312648,202
83413,71
267766,26
429522,27
331163,73
447655,5
-1,-1
259571,555
-1,-1
86755,1069
370667,88
-1,-1
-1,-1
-1,-1
-1,-1
-1,-1
-1,-1
-1,-1
330149,184
-1,-1
242639,14
152114,40
-1,-1
266024,16
-1,-1
-1,-1
-1,-1
-1,-1
-1,-1
500227,6
-1,-1
383546,84
-1,-1
260571,13
-1,-1
-1,-1
-1,-1
365964,6
154059,70
-1,-1
435436,50
513579,84
-1,-1
-1,-1
114384,86
-1,-1
-1,-1
-1,-1
-1,-1
-1,-1
-1,-1
-1,-1
-1,-1
46582,256
-1,-1
-1,-1
-1,-1
295278,83
160700,22
-1,-1
148367,15
-1,-1
-1,-1
-1,-1
-1,-1
-1,-1
-1,-1
108249,56
99401,38
-1,-1
176990,7
-1,-1
-1,-1
21553,375
-1,-1
183027,564
-1,-1
-1,-1
436004,31
