571147,1969,108449651
1010852,85,3449244
838825,87,4290809
563217,99,13460897
863223,96,10364154
983471,92,6672384
1111832,73,1086952
1119843,89,4968096
832996,85,3314105
773724,81,2340077
993489,77,1504299
767135,80,2175566
233031,99,13104986
714371,80,2105645
765559,76,1392483
831594,79,1869177
306009,90,5478004
495793,80,2140432
300826,91,6227160
626588,88,4430624
415108,96,10011051
543482,75,1249853
395594,84,3181380
298382,86,3632273
-1,1,0
-1,0
-1,0
-1,0
-1,0
-1,0
-1,0
-1,0
338825,225
109021,83
291008,30
436811,33
374363,73
483783,6
-1,0
289454,555
-1,2500
92407,1069
393856,125
-1,0
-1,333
-1,0
-1,0
-1,0
-1,0
-1,0
350643,199
-1,0
-1,0
275727,14
195192,40
-1,0
298272,16
-1,0
-1,0
-1,0
-1,0
-1,0
597663,6
-1,0
449064,84
-1,0
366788,13
-1,0
-1,0
-1,0
-1,1
442599,6
178641,72
-1,1
472222,50
583833,93
-1,0
-1,0
181380,122
-1,0
-1,0
-1,0
-1,0
-1,0
-1,0
-1,0
-1,0
-1,0
61436,256
-1,0
-1,0
-1,0
-1,0
391915,83
118352,36
290392,20
284230,15
-1,0
-1,0
-1,0
-1,1
-1,0
-1,0
125374,56
135352,38
-1,0
197016,7
-1,0
-1,2
25673,375
-1,0
206271,564
-1,0
-1,0
502965,31
