419840,1929,93814861
794923,85,3262075
653306,86,3930781
617078,97,11024308
714866,95,8979530
824220,90,5809373
875496,72,924561
902201,88,4477053
680219,84,3133053
668972,79,1908089
830799,76,1363473
637105,80,2022100
171666,99,13104986
590310,78,1755087
636307,75,1217123
633853,77,1576300
255293,88,4594584
453616,78,1637666
250602,90,5723428
480304,88,4385779
324203,94,8123957
460284,71,840985
351218,82,2523901
605628,77,1496669
-1,-1
-1,-1
-1,-1
-1,-1
-1,-1
-1,-1
279770,194
63999,69
234712,25
427269,23
296990,72
400013,5
-1,-1
211376,555
-1,-1
72814,1069
311144,71
-1,-1
-1,-1
-1,-1
-1,-1
396254,122
-1,-1
204265,14
112440,40
-1,-1
242586,15
-1,-1
-1,-1
-1,-1
-1,-1
-1,-1
422602,6
-1,-1
338081,84
-1,-1
199805,13
-1,-1
-1,-1
-1,-1
314796,6
153165,62
-1,-1
405849,50
454573,74
-1,-1
-1,-1
-1,-1
-1,-1
-1,-1
-1,-1
-1,-1
-1,-1
-1,-1
-1,-1
-1,-1
-1,-1
-1,-1
-1,-1
-1,-1
238623,83
150278,20
-1,-1
-1,-1
-1,-1
-1,-1
-1,-1
-1,-1
114001,41
86996,25
-1,-1
159530,7
-1,-1
-1,-1
17666,375
-1,-1
160418,564
-1,-1
380714,31
