156859,2080,169361536
614891,86,3821545
557677,86,3826894
906523,87,4199982
863830,88,4738441
879032,86,3785112
291725,82,2519744
922847,84,3007507
196528,99,13081407
48992,99,13743227
275332,91,6346904
39342,99,13963822
46647,99,14392574
340430,83,2760752
177201,87,4322009
21704,99,14890666
276068,83,2871407
15084,99,13890101
102163,99,13048479
589097,81,2224593
366714,87,4370649
49447,99,13049294
103320,92,6937679
148305,85,3568748
-1,-1
-1,-1
-1,-1
-1,-1
-1,-1
567416,45
743101,3
302192,15
376093,22
761542,4
-1,-1
352137,1
-1,-1
-1,-1
-1,-1
3483,879
-1,-1
-1,-1
-1,-1
607852,29
-1,-1
101227,48
-1,-1
-1,-1
-1,-1
-1,-1
-1,-1
-1,-1
-1,-1
-1,-1
-1,-1
-1,-1
382631,25
-1,-1
-1,-1
-1,-1
219183,53
75134,172
-1,-1
-1,-1
447674,21
-1,-1
176805,5
-1,-1
-1,-1
95100,20
-1,-1
-1,-1
-1,-1
-1,-1
75878,88
-1,-1
-1,-1
-1,-1
27322,299
-1,-1
-1,-1
-1,-1
-1,-1
-1,-1
-1,-1
-1,-1
-1,-1
-1,-1
-1,-1
-1,-1
-1,-1
119068,574
-1,-1
-1,-1
