161290,2080,169361536
625150,86,3821545
567133,86,3826894
920724,87,4199982
878901,88,4738441
893823,86,3785112
299454,82,2519744
940495,84,3007507
200781,99,13081407
52727,99,13743227
280793,91,6346904
40553,99,13963822
47867,99,14392574
349031,83,2760752
182080,87,4322009
22467,99,14890666
282401,83,2871407
15569,99,13890101
104983,99,13048479
597689,81,2224593
375325,87,4370649
50685,99,13049294
106328,92,6937679
152428,85,3568748
-1,-1
-1,-1
-1,-1
-1,-1
-1,-1
576181,45
753773,3
306391,15
381335,22
770162,4
-1,-1
354428,1
-1,-1
-1,-1
-1,-1
4049,879
-1,-1
-1,-1
-1,-1
621938,29
-1,-1
103323,48
-1,-1
-1,-1
-1,-1
-1,-1
-1,-1
-1,-1
-1,-1
-1,-1
-1,-1
-1,-1
393041,25
-1,-1
-1,-1
-1,-1
223575,53
76939,172
-1,-1
-1,-1
459191,21
-1,-1
186784,5
-1,-1
-1,-1
99798,20
-1,-1
-1,-1
-1,-1
-1,-1
78002,88
-1,-1
-1,-1
-1,-1
28857,299
-1,-1
-1,-1
-1,-1
-1,-1
-1,-1
-1,-1
-1,-1
-1,-1
-1,-1
-1,-1
-1,-1
-1,-1
121899,574
-1,-1
-1,-1
