37766,2277,449822126
152693,99,16995715
119347,99,16366252
46072,99,48671522
75552,99,48088484
84224,99,44376065
52432,99,13363311
82617,99,24569270
62986,99,16390459
45099,99,15863942
77261,99,13378044
52406,99,14159792
49152,99,15160660
65444,99,14034286
87502,99,13088960
10703,99,23673326
76777,99,13180547
73672,99,13104372
126865,99,13197133
52790,99,19592542
284014,99,13087900
41023,99,13309000
115501,99,13036465
62184,99,13134079
-1,-1
-1,-1
-1,-1
-1,-1
-1,-1
-1,-1
61976,806
107245,52
26889,272
74730,222
121944,188
103524,46
99606,26
-1,-1
-1,-1
-1,-1
55184,372
112418,2107
15605,758
124192,227
80638,917
22272,108
21038,1062
-1,-1
70936,627
115427,13
44078,425
46290,269
45490,1343
36743,584
77751,6
237954,10
106113,53
243940,23
-1,-1
147158,51
181619,147
153249,298
174941,153
46294,50
78464,125
428385,16
25362,1550
144540,120
309916,36
102853,160
112380,329
90401,2564
169668,34
256693,19
79895,117
50805,5
82975,185
41161,72
-1,-1
129346,12
53251,232
4030,2671
218654,10
103785,111
86215,45
-1,-1
74985,77
21709,517
227931,12
108419,248
9813,259
-1,-1
72060,144
52012,44
63381,55
-1,-1
74209,925
9192,229
62808,93
-1,-1
76896,15
77290,109
13247,893
31865,253
319908,203
89551,625
41141,118
41291,315
85997,1344
