60614,2235,333232258
173770,99,14779470
161363,99,14082944
75059,99,26844211
100607,99,34186812
97542,99,32869450
180910,92,6518499
85447,99,19958792
70272,99,14745098
33816,99,15542969
131042,99,13064821
45718,99,13908394
301966,97,11217811
52081,99,13883833
120280,92,6840116
27739,99,14827323
117396,94,8343038
62434,99,13041525
163636,93,7342153
82926,99,14440081
249960,97,10698551
81129,96,9837916
113173,93,7450320
94701,95,8808131
-1,-1
-1,-1
-1,-1
-1,-1
-1,-1
-1,-1
62039,645
70953,51
46656,115
62005,221
96670,187
78534,45
73876,26
-1,-1
-1,-1
-1,-1
34952,341
98774,216
73855,781
-1,-1
62197,607
112756,10
26114,382
71541,52
55121,1000
60246,310
-1,-1
208925,6
85473,53
194075,23
-1,-1
118053,51
187095,101
148704,253
185734,102
43255,50
48046,70
365919,16
45401,726
257754,11
277759,30
104130,114
138159,236
77284,2471
139594,31
258574,6
34484,5
61566,183
43222,54
-1,-1
103786,12
29575,202
66415,121
166722,10
65078,45
-1,-1
15474,490
173119,11
71720,243
-1,-1
27076,24
55663,22
-1,-1
75033,733
9089,205
40767,82
-1,-1
125970,8
46602,50
13702,698
44465,102
294421,161
244701,451
31226,289
87515,1165
