63954,2235,334473180
179021,99,14834893
163585,99,14161877
77640,99,27238048
104482,99,34471743
101808,99,33099656
187492,92,6518523
91055,99,20015518
72874,99,14745098
35696,99,15553642
135801,99,13064821
46898,99,13908394
312266,97,11219974
54409,99,13883833
126206,92,6840491
29453,99,14827334
122930,94,8410275
65525,99,13041593
170908,93,7353338
86468,99,14440081
259940,97,10743149
84531,96,9837916
119910,93,7450352
99538,95,8812631
-1,-1
-1,-1
-1,-1
-1,-1
-1,-1
-1,-1
65038,645
75877,51
48987,115
63828,221
99640,187
81671,45
76933,26
-1,-1
-1,-1
-1,-1
38487,341
-1,-1
101305,216
76805,781
-1,-1
64146,607
117533,10
28899,382
80090,52
57087,1000
58547,331
-1,-1
218459,6
88088,53
201629,23
-1,-1
121620,51
191637,101
152609,253
189990,102
43729,50
57485,70
377396,16
47672,726
268676,11
287783,30
107670,114
140904,236
80086,2471
144720,31
267765,6
-1,-1
36512,5
66427,183
43753,54
-1,-1
107203,12
33247,202
69569,121
174760,10
56431,103
67647,45
-1,-1
-1,-1
16620,490
182732,11
77624,243
-1,-1
33556,24
58331,23
-1,-1
77539,733
9692,205
44819,82
-1,-1
129417,8
53725,50
14419,698
47901,102
303534,161
252813,451
32246,289
90060,1165
