66051,2235,335056413
182933,99,14849014
166479,99,14186778
79649,99,27408659
107289,99,34618345
104087,99,33286112
192653,92,6518523
94771,99,20046790
74454,99,14745098
36786,99,15554798
138713,99,13064821
47865,99,13908394
318525,97,11220158
55924,99,13883833
130073,92,6840491
30752,99,14829689
126726,94,8412769
67429,99,13041598
176077,93,7354158
88426,99,14440081
266306,97,10744589
86973,96,9837916
125975,93,7450568
103002,95,8813231
-1,-1
-1,-1
-1,-1
-1,-1
-1,-1
-1,-1
66704,645
78693,51
50573,115
64760,221
101457,187
83566,45
78808,26
-1,-1
-1,-1
-1,-1
40883,341
-1,-1
102639,216
78551,781
-1,-1
65350,607
120044,10
30453,382
85242,52
58240,1000
59286,333
-1,-1
223623,6
89602,53
206552,23
-1,-1
123755,51
194458,101
155022,253
192673,102
43989,50
61595,70
384009,16
48820,726
275185,11
293690,30
109686,114
142453,236
81629,2471
147577,31
272771,6
-1,-1
37534,5
68701,183
44038,54
-1,-1
108917,12
36423,202
71201,121
179345,10
63479,103
69042,45
-1,-1
-1,-1
17412,490
188556,11
80983,243
-1,-1
36214,24
60024,23
-1,-1
78956,733
9288,211
47231,83
-1,-1
131539,8
57525,51
14680,698
49747,102
308943,161
257856,451
32808,289
90620,1165
