40334,2277,420492247
167883,99,16105177
138003,99,15453278
58058,99,39268005
88445,99,42542780
91507,99,40631919
74276,99,13157260
88953,99,22757080
85166,99,14836044
43284,99,15740869
98693,99,13214618
53307,99,13979240
325345,99,13036525
62101,99,14027610
117911,99,13034918
10037,99,23617382
91317,99,13104950
70479,99,13099946
128711,99,13151165
69104,99,17265862
275197,99,13073972
39476,99,13278591
112055,99,13035277
83429,99,13079779
-1,-1
-1,-1
-1,-1
-1,-1
-1,-1
-1,-1
60628,784
100464,52
27537,250
71908,222
117093,188
98127,46
94655,26
-1,-1
-1,-1
-1,-1
49238,370
95501,2107
14527,733
118720,216
77746,917
20526,96
20741,877
-1,-1
68681,627
111284,13
41221,425
81098,118
54135,1165
40887,528
73655,6
229751,10
102395,53
235888,23
-1,-1
141997,51
176385,147
148006,298
170288,153
45810,50
89657,70
418922,16
25294,1500
276239,27
297354,36
99042,160
126438,289
87493,2564
164377,34
310371,6
57502,117
47560,5
80062,185
42367,66
-1,-1
124394,12
48204,232
68595,174
210505,10
92277,111
82230,45
-1,-1
70575,73
22339,492
218998,12
103333,243
8840,241
-1,-1
38773,133
51880,24
61854,47
-1,-1
71635,925
9316,224
58582,91
-1,-1
112824,11
83041,51
14735,793
31842,239
315898,193
223065,531
38855,315
91116,1250
