59696,2231,328602296
171671,99,14729751
161542,99,14009586
73926,99,26451745
99753,99,33754709
96972,99,32284107
175234,92,6518490
84264,99,19699529
68101,99,14745098
32303,99,15524108
128056,99,13064021
44744,99,13908394
293605,97,11214293
55458,99,13735529
115299,92,6840116
27275,99,14717923
113043,94,8282066
60123,99,13041358
158713,93,7319436
80685,99,14439010
243923,96,10376054
89500,93,7696789
108929,93,7450053
90831,95,8800131
-1,-1
-1,-1
-1,-1
-1,-1
-1,-1
-1,-1
60112,645
67715,51
45328,115
60715,221
94746,187
76531,45
72018,26
-1,-1
-1,-1
-1,-1
32437,341
97072,216
71997,781
-1,-1
60668,607
109232,10
24715,382
64198,52
53812,1000
67490,263
-1,-1
200636,6
83733,53
188750,23
-1,-1
115703,51
184327,101
146361,253
183077,102
42918,50
42015,70
356312,16
43602,726
249773,11
270623,30
102581,112
135984,236
75185,2471
136016,31
250462,6
33206,5
58655,183
43979,52
-1,-1
101482,12
28966,198
64428,121
160349,10
63471,45
-1,-1
14453,490
165577,11
67345,243
-1,-1
24076,24
54370,21
-1,-1
73056,733
8700,205
39124,79
-1,-1
123727,8
40642,50
13024,698
41649,102
288627,161
238188,451
30421,289
86292,1165
