63424,2266,394401935
185943,99,15412510
156402,99,14883940
71463,99,33914452
102147,99,39155669
102129,99,37520572
104603,99,13077653
92942,99,22130681
83721,99,14834734
43167,99,15635476
146172,99,13077399
53111,99,13956409
357804,97,11235119
61583,99,14011987
131733,95,9451273
9947,99,23587971
108042,99,13046062
69389,99,13098261
147534,99,13048584
94074,99,15406810
275613,99,13059095
50580,99,13114962
114182,98,12488051
123483,95,9254265
-1,-1
-1,-1
-1,-1
-1,-1
-1,-1
-1,-1
67691,718
98085,52
37398,184
70958,222
115371,188
96381,46
93009,26
-1,-1
-1,-1
-1,-1
52324,351
89892,2107
116729,216
89141,781
17772,96
50748,357
-1,-1
67970,627
109599,13
43658,382
100249,77
66646,1000
44938,483
-1,-1
227131,10
100922,53
232839,23
-1,-1
139925,51
214637,101
172359,253
211620,102
45630,50
86441,70
415527,16
24835,1500
272670,27
293396,36
109873,137
153001,236
86505,2564
165885,31
306428,6
50553,117
46441,5
78765,185
41916,66
-1,-1
122259,12
46409,232
66043,174
207589,10
91983,107
80981,45
-1,-1
76760,54
21982,490
215906,12
101072,243
7597,241
-1,-1
49997,24
68041,28
-1,-1
70739,925
9987,217
57613,89
-1,-1
122691,10
79668,51
15207,762
62346,102
311887,193
289506,451
38036,315
90516,1245
