61826,2235,334473180
174608,99,14834893
159703,99,14161877
74732,99,27238048
100899,99,34471743
98244,99,33099656
183291,92,6518523
87075,99,20015518
71278,99,14745098
34487,99,15553642
132945,99,13064821
46140,99,13908394
305729,97,11219974
52970,99,13883833
122388,92,6840491
28393,99,14827334
119140,94,8410275
63524,99,13041593
165810,93,7353338
84246,99,14440081
253377,97,10743149
82260,96,9837916
115039,93,7450352
96508,95,8812631
-1,-1
-1,-1
-1,-1
-1,-1
-1,-1
-1,-1
63213,645
72819,51
47530,115
62733,221
97802,187
79745,45
74988,26
-1,-1
-1,-1
-1,-1
36092,341
99755,216
75050,781
-1,-1
62907,607
114547,10
26897,382
74635,52
55926,1000
57547,331
-1,-1
212424,6
86510,53
196945,23
-1,-1
119405,51
188824,101
150215,253
187366,102
43457,50
52169,70
370391,16
46253,726
261808,11
281495,30
105544,114
139227,236
78411,2471
141524,31
262254,6
35281,5
63499,183
43424,54
-1,-1
105167,12
30839,202
67682,121
169831,10
42760,103
66054,45
-1,-1
15866,490
176821,11
73939,243
-1,-1
30277,24
56264,23
-1,-1
76037,733
9317,205
42233,82
-1,-1
127229,8
49516,50
13945,698
45755,102
297751,161
247603,451
31552,289
88255,1165
