66867,2251,367133495
188097,99,15163219
163844,99,14567458
71280,99,32466142
103261,99,37833194
103721,99,36001111
195967,93,7246725
91012,99,21746216
80811,99,14793966
40935,99,15600466
143647,99,13073791
51500,99,13922179
343332,97,11224343
58874,99,13992697
125363,95,9312637
22882,99,16605910
130226,96,10087284
71905,99,13057598
156431,98,12167462
88524,99,15368921
284115,97,11754640
76800,99,13038255
123310,95,9282935
117365,95,8826346
-1,-1
-1,-1
-1,-1
-1,-1
-1,-1
-1,-1
64285,718
91854,52
35224,184
69101,222
111190,188
92559,46
88952,26
-1,-1
-1,-1
-1,-1
49272,342
104644,742
111963,216
86317,781
10090,96
37751,342
-1,-1
66053,627
104822,13
40559,382
92870,77
64398,1000
54714,389
-1,-1
220204,10
97856,53
225843,23
-1,-1
135289,51
209247,101
167485,253
206590,102
45103,50
79428,70
406815,16
28307,1300
263477,27
294590,34
106408,137
149979,236
83852,2564
161255,31
296136,6
47713,94
43721,5
75807,185
41155,66
-1,-1
117784,12
42607,229
60576,174
200322,10
83448,107
77805,45
-1,-1
71301,54
20330,490
206964,12
95291,243
6627,187
-1,-1
46212,24
67090,23
-1,-1
68464,925
9588,217
54622,88
-1,-1
120535,10
72673,51
14746,762
59571,102
302041,193
278110,451
35789,315
87971,1245
