60866,2227,321495683
173976,99,14639976
164627,99,13938362
78764,99,25458123
104891,99,32838919
102943,99,30980295
173913,92,6518266
86265,99,19442586
67684,99,14745098
31687,99,15482051
139887,99,13051822
44396,99,13908394
291316,97,11212970
55698,99,13716225
114198,92,6833568
27945,99,14629462
112372,94,8225723
59675,99,13041161
156194,93,7309676
79931,99,14439010
243102,96,10244630
89536,93,7571464
110671,93,7241417
101096,91,6026485
-1,-1
-1,-1
-1,-1
-1,-1
-1,-1
-1,-1
59551,644
66544,51
44787,115
60333,221
94095,187
75850,45
72915,25
-1,-1
-1,-1
-1,-1
31541,341
96568,216
71424,781
-1,-1
60286,607
108312,10
40956,214
62768,50
53449,1000
73695,233
-1,-1
198356,6
83267,53
187326,23
-1,-1
115007,51
183421,101
145699,253
182220,102
42823,50
40075,70
353710,16
43191,726
247398,11
279053,28
101749,112
135404,236
74590,2471
135034,31
248102,6
32751,5
57727,183
43936,52
-1,-1
100823,12
28219,198
63725,121
158530,10
62898,45
-1,-1
14145,490
163425,11
66273,243
-1,-1
23024,24
56348,16
-1,-1
72531,733
9269,200
49884,47
-1,-1
123182,8
39028,50
12816,698
82171,35
287212,161
236442,451
34346,260
85942,1165
