37669,2277,477810287
156686,99,17276746
121762,99,16671608
45831,99,53786175
74468,99,51808378
85753,99,47265495
46543,99,13447022
79319,99,26681211
26329,99,25104403
50303,99,15917119
71874,99,13567313
34230,99,16027768
44174,99,15817696
72205,99,14035097
91704,99,13100784
11915,99,23755403
51580,99,13453493
25507,99,14079892
106077,99,13491852
58340,99,19883462
309175,99,13094626
44348,99,13336960
118562,99,13044864
60613,99,13162920
-1,-1
-1,-1
-1,-1
-1,-1
-1,-1
-1,-1
-1,-1
65638,856
122382,56
27276,308
81807,225
128524,193
115888,46
105589,28
-1,-1
-1,-1
-1,-1
67069,372
140027,2107
18253,794
147757,227
85966,917
33166,108
31189,1062
-1,-1
74940,628
127743,13
42048,500
4530,1530
49724,1343
36046,609
85137,6
253392,10
113670,53
255966,24
-1,-1
30219,203
191936,147
164265,298
184252,153
32140,59
-1,-1
91309,154
442560,17
27018,1550
164329,120
337561,36
110743,160
117534,329
95160,2564
177968,35
273949,20
100196,160
57857,5
87335,185
22912,159
-1,-1
139679,12
47172,302
5212,2671
101798,50
122302,117
92997,45
-1,-1
77913,88
25027,517
250053,12
121686,249
12910,315
96456,5
97310,198
60968,45
68411,55
-1,-1
78819,925
6997,256
70109,97
-1,-1
80494,15
92414,110
13588,893
28372,309
317648,232
61895,654
37028,285
41631,341
90005,1344
