34532,2375,493191436
162045,99,17304527
127254,99,16700731
49188,99,54259144
79169,99,52078876
90475,99,47605490
48208,99,13459902
85157,99,26959562
27367,99,25104481
52537,99,16055043
76832,99,13571790
36741,99,16028769
46525,99,15818515
75700,99,14038302
67591,99,13228598
13044,99,23764784
53644,99,13473433
19741,99,14552883
110684,99,13494567
61440,99,19992968
324916,99,13099499
46106,99,13336960
123641,99,13046055
56847,99,13238808
58311,98,12977749
-1,0
-1,0
-1,0
-1,0
-1,0
-1,0
-1,0
70258,856
132768,56
29017,308
85770,225
133856,193
121086,46
109699,28
-1,481
-1,2475
-1,89
72788,372
154415,2107
20553,820
154962,235
89233,917
37904,108
36236,1062
-1,0
76656,628
135684,13
45123,500
4938,1530
52003,1343
36250,619
90321,6
263134,10
118073,53
262475,24
-1,0
31758,203
197212,147
169682,298
189002,153
37485,59
-1,0
100639,154
452909,17
27957,1550
175728,120
354163,36
114712,160
120501,329
97691,2564
183111,35
284453,20
119391,160
61264,5
89078,192
21871,170
-1,0
144477,12
50479,302
5744,2671
105183,50
130880,117
51001,55
96090,45
-1,0
82648,88
27409,517
260768,12
129910,249
13886,344
102658,5
116318,198
65410,45
71020,57
-1,0
81436,925
7183,256
74502,97
-1,0
82701,15
100010,110
13881,893
30436,309
327607,232
64224,654
45359,288
43896,341
90421,1368
