92675,2295,434910362
75582,99,23590476
76946,99,19749961
47062,99,57795962
56502,99,63371921
65445,99,58751685
299930,90,5707397
69664,99,30248099
144813,99,13925350
54140,99,16144501
318287,97,10702674
235094,95,8907884
76535,99,14395415
273794,95,8964307
237090,90,5486086
214992,96,10329567
190052,95,8864411
170314,92,6754436
254695,93,7305565
29835,99,26340117
230239,99,13668103
157754,92,6714702
256516,90,5354727
213652,90,5369586
106788,91,6467430
-1,0
-1,0
-1,0
-1,0
-1,0
-1,0
-1,0
36612,1357
112107,75
22120,425
41285,405
79988,275
25322,153
126211,24
-1,482
-1,2072
-1,0
67298,400
143649,5132
16533,888
127077,345
122019,660
119915,43
64011,767
67767,158
35828,909
38850,1060
25452,70
74271,267
148211,72
133525,658
75012,325
40658,78
161574,28
17311,346
111594,179
93716,85
8555,480
31465,861
10803,1847
42421,703
136137,25
-1,0
20418,1100
59705,742
135861,300
122316,209
95906,102
55754,277
139614,291
179594,1720
53750,366
7204,1103
183758,104
47627,7
105357,142
-1,1
-1,0
92236,19
33161,434
31050,756
166770,25
266174,50
35735,229
82275,49
-1,0
34810,390
37640,435
52892,63
121138,288
58053,140
31998,342
348632,23
20890,473
52870,142
-1,0
123272,605
27055,156
40511,216
-1,0
138350,10
61776,494
14848,859
64861,136
174352,562
291694,509
-1,0
44349,350
110282,1182
