129302,2192,398155515
75832,99,22689743
74615,99,19110033
45154,99,51871710
54452,99,58456686
64857,99,53519540
262270,90,5701994
66177,99,27996453
174356,99,13412631
55758,99,15140463
299774,96,9715282
228995,94,7982498
69056,99,14393315
249935,94,8768075
215372,90,5407064
188682,96,9891514
171999,94,8386969
165813,91,5927290
230060,93,7245611
28865,99,24740085
233714,99,13362153
157525,91,5904093
240435,89,4989812
257094,85,3542501
-1,-1
-1,-1
-1,-1
-1,-1
-1,-1
-1,-1
32447,1278
85044,75
19141,407
42082,371
76782,260
22684,144
122020,21
-1,-1
-1,-1
-1,-1
62450,375
106522,5132
12828,833
102507,345
110064,660
76182,43
55646,622
57049,158
34155,904
20142,70
67177,267
127654,66
116906,658
71647,316
36230,70
147975,28
14659,346
103437,179
92476,82
7186,480
29346,861
9818,1847
39655,703
100566,25
-1,-1
19424,950
55822,742
125823,300
99114,209
88716,99
54587,266
131172,291
167771,1720
77913,202
6038,1103
114797,102
41384,7
95422,142
-1,-1
-1,-1
83187,19
29997,404
25103,700
151052,25
223034,49
83387,47
-1,-1
30705,362
52090,321
47972,63
102588,285
33898,140
40415,122
220680,23
21036,353
48761,129
-1,-1
112794,605
25108,156
37050,200
-1,-1
127905,10
51209,454
14172,859
56486,136
195325,453
270530,509
-1,-1
40206,335
104846,1165
