136439,2110,225511244
222472,99,13509818
122086,99,14843817
104962,99,21192031
104605,99,32010959
105396,99,29557961
231161,86,3821967
126873,99,16557924
346625,96,10320776
267880,88,4704713
289966,91,6211419
214012,91,6131799
303879,95,8879674
241642,89,4962997
191778,87,4137233
200175,87,4174278
148276,90,5693464
171773,85,3452710
191387,91,5936207
72758,99,14643137
316179,91,5988833
147306,86,3732776
315355,81,2212452
277964,83,2834299
-1,-1
-1,-1
-1,-1
-1,-1
-1,-1
47680,716
95542,34
22775,202
65540,200
85202,195
37616,73
114923,12
-1,-1
-1,-1
-1,-1
71448,210
100003,192
105488,402
45844,23
33065,800
39914,25
39822,195
42562,66
88431,600
74256,222
37911,10
109972,28
22174,178
94801,116
-1,-1
13133,256
41399,573
20867,1075
49527,500
66750,25
21190,112
257655,58
88590,300
70349,197
128511,60
122345,71
122668,255
124468,1720
63673,156
24707,350
60346,3
66320,110
-1,-1
-1,-1
151406,8
70872,43
24821,313
103991,25
137249,30
23261,105
59289,194
32379,63
58426,244
-1,-1
-1,-1
55113,13
-1,-1
110803,400
19283,141
25043,112
-1,-1
106858,9
20246,135
54113,138
51173,63
180280,359
274872,344
30144,280
139620,660
