126751,2182,370146244
83932,99,21283732
80027,99,18200399
44420,99,47462751
55677,99,54132415
69829,99,48388498
247268,90,5617481
63249,99,26446233
284539,99,13073288
59346,99,14494580
325273,93,7473885
217353,94,7947084
326463,99,13037285
235361,94,8661184
209469,90,5351952
183730,95,8996940
162154,94,8126225
161911,90,5502487
215423,92,7172829
32434,99,22683688
232781,99,13269657
159820,89,5093243
246730,87,4285907
241984,85,3444501
-1,-1
-1,-1
-1,-1
-1,-1
-1,-1
-1,-1
31157,1217
107809,50
17188,402
41841,353
73726,255
21670,137
118106,20
-1,-1
-1,-1
-1,-1
65172,323
85367,5132
10275,806
108628,255
104675,660
49852,43
41594,585
51931,158
32141,901
23756,56
70198,219
115239,66
108889,658
70720,312
34832,65
141640,28
30893,178
98099,179
89450,82
8266,425
28289,860
9661,1821
38371,702
81438,25
16887,900
75981,570
119891,300
91321,209
82525,99
52366,266
141608,261
160860,1720
73929,202
5911,1061
100855,73
42846,6
91486,142
-1,-1
-1,-1
77511,19
26143,402
39582,357
143735,25
184393,49
81678,46
-1,-1
27502,360
46898,321
45729,63
95834,280
21143,140
36969,106
131538,23
17934,353
46141,125
-1,-1
117559,535
23724,156
33896,192
-1,-1
122217,10
43131,431
13614,859
52634,136
186135,450
285970,471
36998,335
106619,1102
