129372,2197,404080306
75533,99,22895538
74417,99,19269527
46327,99,52402289
55698,99,58964127
65948,99,54133016
269901,90,5705104
67523,99,28146161
178222,99,13412751
57158,99,15140488
295153,97,10695759
233531,94,7982498
70440,99,14393315
252018,95,8946554
220633,90,5407064
189613,96,10225026
176029,94,8438159
161254,91,6452425
233879,93,7252275
29132,99,25040732
231364,99,13425171
142626,92,6710672
234518,90,5348740
243266,86,3692915
-1,-1
-1,-1
-1,-1
-1,-1
-1,-1
-1,-1
33509,1289
90437,75
19950,407
41720,382
79073,260
23904,144
125387,21
-1,-1
-1,-1
-1,-1
56956,400
114882,5132
13579,838
108110,345
112423,660
86643,43
61565,622
58932,158
34422,904
20870,70
67361,267
130728,69
120325,658
72417,316
37228,70
150416,28
15144,346
104673,179
93023,82
7418,480
29838,861
10018,1847
40315,703
110471,25
-1,-1
20626,950
56474,742
127670,300
104254,209
91215,99
55511,266
132862,291
170289,1720
79322,202
6275,1103
131044,102
42533,7
96959,142
-1,-1
-1,-1
85037,19
31334,404
26751,700
154048,25
234008,49
84905,47
-1,-1
31650,362
54165,321
49079,63
106034,285
37765,140
42061,122
256133,23
21982,353
49857,129
-1,-1
114947,605
25447,156
38060,200
-1,-1
130151,10
53327,460
14181,859
57852,136
174934,523
274925,509
-1,-1
41358,335
105862,1165
