132465,2120,235375462
208046,99,13801100
117428,99,15065610
102096,99,21937668
100593,99,33151831
104956,99,30200322
204969,90,5356651
110966,99,17623003
352732,96,10548578
242926,90,5565910
295755,91,6248435
209335,91,6364060
311280,95,8879894
217829,91,5999700
197258,87,4175846
185410,89,5025831
148652,90,5817308
171176,85,3565057
174270,91,6264847
71504,99,14843321
319689,91,6154462
151912,86,3735330
323038,81,2214243
286521,83,2836455
-1,-1
-1,-1
-1,-1
-1,-1
-1,-1
-1,-1
42049,792
99487,34
17755,262
64294,207
87046,195
32497,82
117319,12
-1,-1
-1,-1
-1,-1
78401,210
101878,192
108033,402
52361,23
33925,800
41298,25
42090,195
50082,66
90604,600
74799,225
34547,16
112870,28
22714,178
97166,116
-1,-1
13485,256
41931,573
21086,1075
50134,500
68163,25
21930,194
263358,58
91004,300
72196,197
132431,60
125664,71
123969,256
127508,1720
65234,156
25196,350
61437,3
69389,110
-1,-1
-1,-1
154204,8
78097,43
25707,313
107431,25
140092,30
23009,139
60496,200
33825,63
63003,245
-1,-1
6085,342
56432,14
-1,-1
113350,400
19412,145
27963,113
-1,-1
108698,9
23798,165
44129,190
49150,75
181862,359
281534,344
30886,280
133566,715
