131949,2185,379410866
84512,99,21605507
82437,99,18405414
47807,99,49022346
58004,99,55666205
69250,99,50244517
259871,90,5626009
68043,99,27217175
250385,99,13119483
60520,99,14655568
332980,93,7528960
224871,94,7979148
337530,99,13037547
245731,94,8733838
212678,90,5389664
183837,96,9850625
169803,94,8230158
161958,91,5910397
225301,92,7183382
33729,99,23182472
234116,99,13329185
154372,90,5729308
259483,87,4319287
256336,85,3444671
-1,-1
-1,-1
-1,-1
-1,-1
-1,-1
-1,-1
32453,1249
117056,50
18468,407
41066,371
75091,260
22808,140
119611,21
-1,-1
-1,-1
-1,-1
58158,375
99921,5132
12662,820
121133,255
108588,660
63924,43
51456,622
55629,158
33567,902
23631,60
74675,219
124258,66
114305,658
71283,315
36801,65
146227,28
23977,233
101892,179
91464,82
8835,425
29048,861
9701,1847
39321,703
91471,25
19620,904
62272,680
124453,300
96161,209
86926,99
53993,266
144821,261
165903,1720
76771,202
6348,1061
102653,101
40757,7
94098,142
-1,-1
-1,-1
81521,19
29072,404
24376,684
148885,25
208703,49
85439,46
-1,-1
29939,362
50115,321
47269,63
100265,284
28818,140
39103,122
195390,23
20314,353
48290,127
-1,-1
121730,535
24819,156
36903,195
-1,-1
126404,10
49265,454
14023,859
55381,136
192392,453
296404,471
-1,-1
39215,335
105080,1150
