129197,2192,398087155
75814,99,22685166
74620,99,19104880
45116,99,51859643
54417,99,58440408
64846,99,53498759
262051,90,5701994
66070,99,27990406
174234,99,13412631
55693,99,15140463
299552,96,9715282
228862,94,7982498
69002,99,14393315
249802,94,8768075
215214,90,5407064
188514,96,9891514
171855,94,8385825
165654,91,5927290
229840,93,7243898
28836,99,24740085
233654,99,13361553
157333,91,5904093
240180,89,4989812
256869,85,3542501
-1,-1
-1,-1
-1,-1
-1,-1
-1,-1
-1,-1
32417,1278
84912,75
19117,407
42048,371
76728,260
22660,144
121934,21
-1,-1
-1,-1
-1,-1
62316,375
106242,5132
12805,833
102367,345
110013,660
75814,43
55502,622
57008,158
34149,904
20120,70
67110,267
127505,66
116819,658
71621,316
36724,68
147911,28
14650,346
103381,179
92416,82
7178,480
29335,861
9812,1847
39642,703
100247,25
-1,-1
19391,950
55793,742
125776,300
98997,209
88664,99
54562,266
131133,291
167707,1720
77866,202
6033,1103
114228,102
41352,7
95386,142
-1,-1
-1,-1
83137,19
29977,404
25066,700
150970,25
222269,49
83344,47
-1,-1
30634,362
52022,321
47948,63
102498,285
33630,140
40361,122
219611,23
21007,353
48721,129
-1,-1
112736,605
25095,156
37003,200
-1,-1
127851,10
51144,454
14162,859
56416,136
195256,453
270347,509
-1,-1
40162,335
104823,1165
