132155,2121,236224951
207925,99,13812251
117147,99,15084230
102521,99,21947646
100373,99,33262584
104622,99,30353788
205694,90,5356651
109598,99,17737432
353573,96,10549163
243695,90,5567523
295665,91,6271283
209930,91,6364450
312194,95,8879975
218468,91,6007560
197951,87,4176256
177719,90,5381184
149179,90,5819648
171733,85,3565057
174424,91,6266206
71107,99,14879859
320773,91,6155747
152433,86,3735330
323914,81,2214523
287514,83,2836605
-1,-1
-1,-1
-1,-1
-1,-1
-1,-1
-1,-1
42069,794
99967,34
17836,262
64132,208
87257,195
32020,83
117647,12
-1,-1
-1,-1
-1,-1
79186,210
102120,192
108359,402
53179,23
34048,800
41464,25
42554,195
50975,66
90916,600
74957,225
33556,18
113168,28
22783,178
97459,116
-1,-1
13536,256
42001,573
21115,1075
50225,500
68327,25
22611,194
264101,58
91268,300
72427,197
132861,60
126045,71
124212,256
127892,1720
65408,156
25256,350
61603,3
69811,110
-1,-1
-1,-1
154549,8
75857,50
25839,313
107865,25
140455,30
23398,139
60863,200
33994,63
63579,246
-1,-1
6276,342
56671,14
-1,-1
113656,400
19545,145
28356,113
-1,-1
108916,9
24283,165
44328,190
49682,75
182269,359
282319,344
30989,280
131871,730
