99021,2172,239972395
278324,99,13151657
244407,99,13142062
405120,99,13212183
335016,99,17883813
345549,99,14602871
101098,99,13055590
326770,99,13112368
282462,99,13042787
504145,81,2398517
139550,99,13055769
302889,88,4726703
182275,99,13071548
124391,99,13088973
90314,99,13034836
184531,90,5795048
57609,99,13117442
178541,86,3600684
78112,99,13323188
665205,80,2026528
156395,99,13455522
260905,79,1931524
242747,84,3107054
87688,99,13035728
-1,-1
-1,-1
-1,-1
-1,-1
-1,-1
-1,-1
970418,13
640280,4
924161,3
953059,3
909871,2
582358,1
-1,-1
-1,-1
-1,-1
-1,-1
-1,-1
-1,-1
-1,-1
-1,-1
790681,12
-1,-1
-1,-1
-1,-1
-1,-1
165985,46
-1,-1
-1,-1
-1,-1
-1,-1
-1,-1
-1,-1
-1,-1
-1,-1
-1,-1
-1,-1
-1,-1
413372,6
-1,-1
-1,-1
215830,40
-1,-1
-1,-1
-1,-1
206306,6
-1,-1
-1,-1
-1,-1
-1,-1
-1,-1
-1,-1
-1,-1
-1,-1
-1,-1
-1,-1
-1,-1
439672,22
-1,-1
-1,-1
-1,-1
-1,-1
-1,-1
-1,-1
-1,-1
-1,-1
-1,-1
-1,-1
-1,-1
-1,-1
-1,-1
-1,-1
182514,375
300288,334
-1,-1
-1,-1
