100552,2155,230713494
265381,99,13138841
231353,99,13141226
382364,99,13210382
314484,99,17863353
327231,99,14540021
120834,99,13035590
302669,99,13102956
264410,99,13042787
470365,81,2383097
130219,99,13055769
284647,88,4726703
171954,99,13069548
113355,99,13087573
81050,99,13034836
461858,78,1751577
52112,99,13117442
164603,86,3599286
72317,99,13323172
639364,80,2005234
142183,99,13455522
244775,79,1889692
227016,84,3075134
86516,94,8063753
-1,-1
-1,-1
-1,-1
-1,-1
-1,-1
-1,-1
926402,13
601703,4
896658,3
923799,3
880660,2
561800,1
-1,-1
-1,-1
-1,-1
-1,-1
-1,-1
-1,-1
-1,-1
-1,-1
733073,11
-1,-1
-1,-1
-1,-1
-1,-1
158498,46
-1,-1
-1,-1
-1,-1
-1,-1
-1,-1
-1,-1
-1,-1
-1,-1
-1,-1
-1,-1
-1,-1
379524,6
-1,-1
-1,-1
198814,40
-1,-1
-1,-1
-1,-1
187329,6
-1,-1
-1,-1
-1,-1
-1,-1
-1,-1
-1,-1
-1,-1
-1,-1
-1,-1
-1,-1
-1,-1
387526,22
-1,-1
-1,-1
-1,-1
-1,-1
-1,-1
-1,-1
-1,-1
-1,-1
-1,-1
-1,-1
-1,-1
-1,-1
-1,-1
-1,-1
175783,373
280877,334
-1,-1
-1,-1
