93049,2154,230487991
252003,99,13138841
219742,99,13141226
361263,99,13210382
294502,99,17863353
306634,99,14540021
111077,99,13035590
281361,99,13102255
249401,99,13042787
472262,80,2175595
122669,99,13055769
268461,88,4726703
160877,99,13069548
105377,99,13087373
74767,99,13034836
433731,78,1739037
47928,99,13117442
153456,86,3599286
66002,99,13323172
614683,80,2005234
131432,99,13455522
228399,79,1889692
212712,84,3070574
79814,94,8063753
-1,-1
-1,-1
-1,-1
889323,13
571897,4
873615,3
898925,3
854221,2
542639,1
-1,-1
-1,-1
-1,-1
-1,-1
-1,-1
-1,-1
-1,-1
-1,-1
654114,11
-1,-1
-1,-1
-1,-1
-1,-1
152202,46
-1,-1
-1,-1
-1,-1
-1,-1
-1,-1
-1,-1
-1,-1
-1,-1
-1,-1
-1,-1
-1,-1
-1,-1
-1,-1
184766,40
-1,-1
-1,-1
-1,-1
-1,-1
-1,-1
-1,-1
-1,-1
-1,-1
-1,-1
-1,-1
-1,-1
-1,-1
-1,-1
-1,-1
-1,-1
336484,22
-1,-1
-1,-1
-1,-1
-1,-1
-1,-1
-1,-1
-1,-1
-1,-1
-1,-1
-1,-1
-1,-1
165760,373
265773,334
-1,-1
-1,-1
