115886,2195,252958522
342980,99,13151657
300842,99,13142062
496774,99,13213204
415223,99,17888451
421312,99,14615739
129087,99,13055590
416781,99,13113073
343151,99,13043027
274831,93,7361977
169291,99,13056769
349237,89,5062042
224162,99,13071683
161195,99,13089163
120085,99,13034836
144291,99,13034467
88288,99,13117942
214098,87,3975936
105775,99,13332096
771712,80,2029725
203698,99,13457541
324782,79,1957724
321236,84,3116578
117611,99,13037240
-1,-1
-1,-1
-1,-1
-1,-1
-1,-1
-1,-1
1134336,13
788398,4
1035888,3
1066169,3
1033269,2
666517,1
-1,-1
-1,-1
-1,-1
-1,-1
-1,-1
-1,-1
-1,-1
-1,-1
-1,-1
-1,-1
-1,-1
-1,-1
936252,12
-1,-1
-1,-1
-1,-1
-1,-1
196838,46
-1,-1
-1,-1
-1,-1
-1,-1
-1,-1
-1,-1
-1,-1
-1,-1
-1,-1
-1,-1
-1,-1
482266,6
-1,-1
-1,-1
271338,40
-1,-1
-1,-1
-1,-1
251214,6
-1,-1
-1,-1
-1,-1
-1,-1
-1,-1
-1,-1
-1,-1
-1,-1
-1,-1
-1,-1
-1,-1
-1,-1
-1,-1
-1,-1
593431,22
-1,-1
-1,-1
-1,-1
-1,-1
-1,-1
-1,-1
-1,-1
-1,-1
-1,-1
-1,-1
-1,-1
-1,-1
-1,-1
-1,-1
-1,-1
-1,-1
213782,375
365633,334
-1,-1
-1,-1
