107874,2188,249566738
319111,99,13151657
279641,99,13142062
460014,99,13213204
384524,99,17888451
392410,99,14615739
119555,99,13055590
384165,99,13113043
319082,99,13043027
365652,87,4284237
157363,99,13056769
338918,88,4753558
208158,99,13071683
147428,99,13088983
108896,99,13034836
125510,99,13034467
78185,99,13117942
192714,87,3975936
95382,99,13332096
730833,80,2029725
186686,99,13457541
297760,79,1956934
293726,84,3112018
105122,99,13037240
-1,-1
-1,-1
-1,-1
-1,-1
-1,-1
-1,-1
1075712,13
735017,4
995739,3
1025944,3
988654,2
635710,1
-1,-1
-1,-1
-1,-1
-1,-1
-1,-1
-1,-1
-1,-1
-1,-1
-1,-1
-1,-1
-1,-1
885812,12
-1,-1
-1,-1
-1,-1
-1,-1
185974,46
-1,-1
-1,-1
-1,-1
-1,-1
-1,-1
-1,-1
-1,-1
-1,-1
-1,-1
-1,-1
-1,-1
460669,6
-1,-1
-1,-1
249963,40
-1,-1
-1,-1
-1,-1
237583,6
-1,-1
-1,-1
-1,-1
-1,-1
-1,-1
-1,-1
-1,-1
-1,-1
-1,-1
-1,-1
-1,-1
-1,-1
-1,-1
-1,-1
537501,22
-1,-1
-1,-1
-1,-1
-1,-1
-1,-1
-1,-1
-1,-1
-1,-1
-1,-1
-1,-1
-1,-1
-1,-1
-1,-1
-1,-1
-1,-1
200111,375
338318,334
-1,-1
-1,-1
