109813,2188,249566738
322918,99,13151657
282915,99,13142062
465665,99,13213204
388985,99,17888451
396243,99,14615739
120790,99,13055590
388773,99,13113043
323537,99,13043027
369850,87,4284237
159828,99,13056769
341284,88,4753558
210584,99,13071683
149553,99,13088983
110511,99,13034836
127714,99,13034467
80162,99,13117942
196236,87,3975936
97564,99,13332096
736756,80,2029725
189149,99,13457541
301394,79,1956934
297941,84,3112018
106960,99,13037240
-1,-1
-1,-1
-1,-1
-1,-1
-1,-1
-1,-1
1084285,13
742934,4
1001672,3
1031748,3
995335,2
640307,1
-1,-1
-1,-1
-1,-1
-1,-1
-1,-1
-1,-1
-1,-1
-1,-1
-1,-1
-1,-1
-1,-1
893345,12
-1,-1
-1,-1
-1,-1
-1,-1
187712,46
-1,-1
-1,-1
-1,-1
-1,-1
-1,-1
-1,-1
-1,-1
-1,-1
-1,-1
-1,-1
-1,-1
464010,6
-1,-1
-1,-1
253131,40
-1,-1
-1,-1
-1,-1
239704,6
-1,-1
-1,-1
-1,-1
-1,-1
-1,-1
-1,-1
-1,-1
-1,-1
-1,-1
-1,-1
-1,-1
-1,-1
-1,-1
-1,-1
545552,22
-1,-1
-1,-1
-1,-1
-1,-1
-1,-1
-1,-1
-1,-1
-1,-1
-1,-1
-1,-1
-1,-1
-1,-1
-1,-1
-1,-1
-1,-1
201982,375
343584,334
-1,-1
-1,-1
