114631,2188,249566738
330905,99,13151657
290001,99,13142062
478289,99,13213204
399922,99,17888451
406536,99,14615739
124168,99,13055590
400574,99,13113043
332406,99,13043027
382311,87,4284237
163834,99,13056769
350698,88,4753558
216230,99,13071683
154537,99,13088983
114746,99,13034836
135193,99,13034467
83670,99,13117942
204627,87,3975936
101504,99,13332096
751902,80,2029725
195209,99,13457541
311622,79,1956934
308150,84,3112018
111260,99,13037240
-1,-1
-1,-1
-1,-1
-1,-1
-1,-1
-1,-1
1106335,13
762908,4
1016329,3
1046324,3
1011235,2
651072,1
-1,-1
-1,-1
-1,-1
-1,-1
-1,-1
-1,-1
-1,-1
-1,-1
-1,-1
-1,-1
-1,-1
912045,12
-1,-1
-1,-1
-1,-1
-1,-1
191803,46
-1,-1
-1,-1
-1,-1
-1,-1
-1,-1
-1,-1
-1,-1
-1,-1
-1,-1
-1,-1
-1,-1
471753,6
-1,-1
-1,-1
260788,40
-1,-1
-1,-1
-1,-1
244371,6
-1,-1
-1,-1
-1,-1
-1,-1
-1,-1
-1,-1
-1,-1
-1,-1
-1,-1
-1,-1
-1,-1
-1,-1
-1,-1
-1,-1
565829,22
-1,-1
-1,-1
-1,-1
-1,-1
-1,-1
-1,-1
-1,-1
-1,-1
-1,-1
-1,-1
-1,-1
-1,-1
-1,-1
-1,-1
-1,-1
206682,375
353927,334
-1,-1
-1,-1
