157337,2214,253510463
388661,99,13162120
341853,99,13147814
561724,99,13252267
479179,99,17898054
481386,99,14619299
152180,99,13055590
481814,99,13118531
344285,99,13058635
325833,93,7473496
207800,99,13057619
390856,89,5099854
254630,99,13071783
183180,99,13094563
120172,99,13055836
145783,99,13083415
105189,99,13117942
246947,87,4032318
118509,99,13401161
837842,80,2097725
238283,99,13457541
383030,79,1962724
369030,84,3145768
139027,99,13042240
452852,19,4168
-1,0
-1,0
-1,0
-1,0
-1,0
-1,0
-1,0
1257609,13
911565,4
1126548,3
1160375,3
1129136,2
733093,1
-1,0
-1,0
-1,2500
-1,0
-1,0
-1,0
-1,153
-1,0
-1,0
-1,0
-1,0
-1,0
1052240,12
-1,0
-1,0
-1,0
-1,0
211109,46
-1,0
-1,0
-1,0
-1,0
-1,0
-1,0
-1,0
-1,0
-1,0
-1,0
-1,0
-1,0
515807,6
-1,1
-1,0
313616,40
-1,1
-1,0
-1,0
272903,6
-1,0
-1,1
-1,0
-1,0
-1,0
-1,0
-1,0
-1,0
-1,0
-1,0
-1,0
-1,0
-1,0
-1,0
-1,0
754224,22
-1,1
-1,0
-1,0
-1,0
-1,0
-1,0
-1,0
-1,0
-1,0
-1,4
-1,0
-1,0
-1,2
-1,0
-1,0
-1,0
236941,375
410290,334
-1,0
-1,0
-1,1
