99359,2187,249052552
299340,99,13151657
262799,99,13142062
431694,99,13213200
361208,99,17888450
370181,99,14615739
110746,99,13055590
356818,99,13112876
301936,99,13043027
383894,86,3783027
149233,99,13056769
321565,88,4753558
196319,99,13071683
137013,99,13088983
101114,99,13034836
112088,99,13034467
64316,99,13117942
177523,87,3975936
85335,99,13332096
697950,80,2029725
171243,99,13457541
281341,79,1944130
271160,84,3112018
96092,99,13037240
-1,-1
-1,-1
-1,-1
-1,-1
-1,-1
-1,-1
1026711,13
690375,4
962695,3
992930,3
951020,2
610262,1
-1,-1
-1,-1
-1,-1
-1,-1
-1,-1
-1,-1
-1,-1
-1,-1
-1,-1
841782,12
-1,-1
-1,-1
-1,-1
-1,-1
177392,46
-1,-1
-1,-1
-1,-1
-1,-1
-1,-1
-1,-1
-1,-1
-1,-1
-1,-1
-1,-1
-1,-1
441798,6
-1,-1
-1,-1
233976,40
-1,-1
-1,-1
-1,-1
223533,6
-1,-1
-1,-1
-1,-1
-1,-1
-1,-1
-1,-1
-1,-1
-1,-1
-1,-1
-1,-1
-1,-1
-1,-1
-1,-1
-1,-1
492662,22
-1,-1
-1,-1
-1,-1
-1,-1
-1,-1
-1,-1
-1,-1
-1,-1
-1,-1
-1,-1
-1,-1
-1,-1
-1,-1
-1,-1
192735,375
321825,334
-1,-1
-1,-1
