119698,2195,253193939
349974,99,13158159
307866,99,13144809
498996,99,13248608
425660,99,17893333
431371,99,14615739
132356,99,13055590
426544,99,13118073
321888,99,13053567
282505,93,7362552
170916,99,13057619
355489,89,5087554
229007,99,13071783
163099,99,13094563
107393,99,13049836
146473,99,13034659
91765,99,13117942
219741,87,3983438
106493,99,13353136
774013,80,2089725
209413,99,13457541
334304,79,1962724
327543,84,3145749
121318,99,13037240
-1,-1
-1,-1
-1,-1
-1,-1
-1,-1
-1,-1
1151433,13
803849,4
1047931,3
1078451,3
1046721,2
676616,1
-1,-1
-1,-1
-1,-1
-1,-1
-1,-1
-1,-1
-1,-1
-1,-1
-1,-1
-1,-1
-1,-1
-1,-1
953216,12
-1,-1
-1,-1
-1,-1
-1,-1
199071,46
-1,-1
-1,-1
-1,-1
-1,-1
-1,-1
-1,-1
-1,-1
-1,-1
-1,-1
-1,-1
-1,-1
488126,6
-1,-1
-1,-1
278321,40
-1,-1
-1,-1
-1,-1
255379,6
-1,-1
-1,-1
-1,-1
-1,-1
-1,-1
-1,-1
-1,-1
-1,-1
-1,-1
-1,-1
-1,-1
-1,-1
-1,-1
-1,-1
613233,22
-1,-1
-1,-1
-1,-1
-1,-1
-1,-1
-1,-1
-1,-1
-1,-1
-1,-1
-1,-1
-1,-1
-1,-1
-1,-1
-1,-1
-1,-1
-1,-1
218424,375
372873,334
-1,-1
-1,-1
-1,-1
