454197,1882,89180026
827033,82,2524336
824685,80,2129416
640799,95,9233715
789873,92,6824821
837172,89,5194314
200844,90,5594666
197649,99,14963371
1475912,69,736565
222459,92,7100171
613357,81,2192819
625101,79,1941379
258810,99,13040709
420733,82,2525069
294308,85,3280485
687604,75,1227754
690044,70,792253
470675,76,1430302
474313,76,1398900
896949,73,1043200
794079,73,1012120
473578,69,687870
672008,71,850260
182176,85,3455531
-1,-1
-1,-1
-1,-1
-1,-1
-1,-1
-1,-1
819014,23
422670,8
661682,6
783042,6
863187,3
-1,-1
-1,-1
159319,580
-1,-1
-1,-1
358066,40
-1,-1
-1,-1
-1,-1
466138,83
-1,-1
-1,-1
-1,-1
-1,-1
-1,-1
-1,-1
-1,-1
-1,-1
-1,-1
209212,5
-1,-1
-1,-1
-1,-1
-1,-1
194655,6
-1,-1
-1,-1
127505,202
-1,-1
-1,-1
-1,-1
368885,56
-1,-1
-1,-1
-1,-1
-1,-1
90661,75
-1,-1
-1,-1
67364,18
-1,-1
-1,-1
-1,-1
-1,-1
-1,-1
-1,-1
80888,177
-1,-1
55598,335
-1,-1
-1,-1
-1,-1
-1,-1
-1,-1
-1,-1
-1,-1
-1,-1
-1,-1
-1,-1
-1,-1
-1,-1
401430,63
91716,609
-1,-1
-1,-1
