578823,1778,58988912
772592,82,2461476
798382,80,2034184
624786,94,8409861
825036,90,5408738
904408,86,3693082
658063,74,1109542
233851,99,13621663
1547243,65,484175
223500,90,5757327
902828,71,848184
1059950,69,711269
1175245,68,619970
382585,82,2421209
709366,71,858651
614715,74,1199369
644606,70,778157
423216,76,1430293
484936,75,1215670
878203,72,936543
767663,71,874512
502419,65,490943
609343,71,848165
290394,83,2775929
-1,-1
-1,-1
-1,-1
-1,-1
-1,-1
813689,19
471618,6
697535,5
786459,5
820890,3
-1,-1
-1,-1
-1,-1
-1,-1
-1,-1
433731,11
-1,-1
-1,-1
-1,-1
710559,11
-1,-1
-1,-1
-1,-1
-1,-1
-1,-1
-1,-1
-1,-1
-1,-1
-1,-1
-1,-1
-1,-1
-1,-1
-1,-1
-1,-1
-1,-1
-1,-1
-1,-1
-1,-1
-1,-1
-1,-1
-1,-1
-1,-1
-1,-1
-1,-1
-1,-1
104387,14
-1,-1
-1,-1
-1,-1
-1,-1
-1,-1
-1,-1
-1,-1
-1,-1
-1,-1
-1,-1
-1,-1
-1,-1
-1,-1
-1,-1
-1,-1
-1,-1
-1,-1
-1,-1
-1,-1
-1,-1
440109,41
964981,32
-1,-1
-1,-1
