404522,2051,146414487
926131,87,4041247
952161,84,3194088
595024,99,13259923
891183,95,9533878
986468,91,6396493
291445,91,5944553
299959,99,15737506
338812,99,13070408
325676,94,8458019
771629,81,2313785
268441,93,7399415
53407,99,15385531
506479,85,3445619
428026,85,3370275
621494,83,2683855
305314,90,5433727
192810,90,5723743
262143,92,7005995
964508,78,1653859
634340,87,4238114
355304,81,2242266
517733,81,2260474
292193,86,3621714
-1,1,0
-1,0
-1,0
-1,0
-1,0
-1,0
-1,0
-1,0
930170,35
559123,10
720391,8
836094,9
931321,7
-1,0
502752,1
256620,580
-1,1968
-1,0
162241,243
-1,0
-1,225
-1,0
-1,0
111669,47
-1,0
125223,34
596368,88
-1,0
178184,10
153086,78
-1,0
-1,0
332931,9
-1,0
-1,0
-1,0
-1,4
250257,6
305918,27
379502,30
553162,41
358130,36
399386,6
-1,0
-1,1
-1,2
174835,202
-1,0
806349,6
-1,1
441489,56
-1,0
-1,1
-1,1
326214,33
-1,0
134021,75
-1,0
-1,0
97533,18
-1,1
-1,0
-1,0
367242,26
-1,0
-1,1
-1,0
-1,0
96667,241
-1,1
103396,336
205747,27
-1,1
-1,0
-1,1
-1,0
-1,0
-1,0
312581,8
-1,2
-1,0
-1,2
-1,1
-1,0
-1,0
504741,85
32999,711
-1,0
224195,41
-1,2
