293893,2050,146344376
800017,87,3988819
823016,84,3194088
503342,99,13259923
771513,95,9516464
868818,91,6396493
244672,91,5944553
244571,99,15737302
296898,99,13070408
266716,94,8458019
682817,81,2313785
235569,93,7399415
46231,99,15385531
434402,85,3445619
364440,85,3370275
515751,83,2683855
259435,90,5433727
162429,90,5723743
225064,92,7005930
863149,78,1653859
538727,87,4238114
302640,81,2242266
446811,81,2260474
238521,86,3621714
-1,-1
-1,-1
-1,-1
-1,-1
-1,-1
-1,-1
825616,35
457932,10
639940,8
754519,9
844189,7
-1,-1
462667,1
229670,580
-1,-1
-1,-1
121203,243
-1,-1
-1,-1
-1,-1
-1,-1
54933,47
-1,-1
102165,34
530926,88
150678,10
134174,78
-1,-1
-1,-1
300513,9
-1,-1
-1,-1
-1,-1
-1,-1
233254,6
267635,27
341206,30
478704,41
323819,36
287975,6
-1,-1
-1,-1
158516,202
-1,-1
698311,6
-1,-1
410459,56
-1,-1
-1,-1
-1,-1
191162,33
-1,-1
118249,75
-1,-1
-1,-1
84387,18
-1,-1
-1,-1
-1,-1
270389,26
-1,-1
-1,-1
-1,-1
75799,241
-1,-1
83288,336
100098,27
-1,-1
-1,-1
-1,-1
-1,-1
-1,-1
-1,-1
250298,8
-1,-1
-1,-1
-1,-1
-1,-1
-1,-1
-1,-1
447538,85
28618,711
-1,-1
192283,41
-1,-1
