294931,2050,146344376
801472,87,3988819
824464,84,3194088
504686,99,13259923
773093,95,9516464
870580,91,6396493
245509,91,5944553
245717,99,15737302
297696,99,13070408
268039,94,8458019
684132,81,2313785
236306,93,7399415
46337,99,15385531
435737,85,3445619
365544,85,3370275
517643,83,2683855
260184,90,5433727
163164,90,5723743
225455,92,7005930
864835,78,1653859
540301,87,4238114
303797,81,2242266
448010,81,2260474
239439,86,3621714
-1,-1
-1,-1
-1,-1
-1,-1
-1,-1
-1,-1
827039,35
459051,10
640962,8
755559,9
845554,7
-1,-1
463217,1
230698,580
-1,-1
-1,-1
122297,243
-1,-1
-1,-1
-1,-1
-1,-1
55709,47
-1,-1
102611,34
532193,88
150962,10
134759,78
-1,-1
-1,-1
300976,9
-1,-1
-1,-1
-1,-1
-1,-1
233260,6
268365,27
341876,30
479846,41
324456,36
289257,6
-1,-1
-1,-1
158872,202
-1,-1
699983,6
-1,-1
410935,56
-1,-1
-1,-1
-1,-1
192990,33
-1,-1
118399,75
-1,-1
-1,-1
84565,18
-1,-1
-1,-1
-1,-1
272470,26
-1,-1
-1,-1
-1,-1
76113,241
-1,-1
83472,336
101292,27
-1,-1
-1,-1
-1,-1
-1,-1
-1,-1
-1,-1
251332,8
-1,-1
-1,-1
-1,-1
-1,-1
-1,-1
-1,-1
448567,85
28673,711
-1,-1
192791,41
-1,-1
