311992,2050,146414487
837068,87,4041247
864226,84,3194088
530297,99,13259923
806256,95,9533878
904512,91,6396493
259318,91,5944553
260697,99,15737506
310554,99,13070408
283488,94,8458019
713279,81,2313785
245112,93,7399415
48361,99,15385531
456993,85,3445619
383040,85,3370275
545830,83,2683855
273721,90,5433727
173158,90,5723743
237131,92,7005995
892703,78,1653859
568103,87,4238114
320435,81,2242266
470617,81,2260474
254583,86,3621714
-1,-1
-1,-1
-1,-1
-1,-1
-1,-1
-1,-1
859452,35
493405,10
666176,8
779509,9
872712,7
-1,-1
475850,1
249384,580
-1,-1
-1,-1
135770,243
-1,-1
-1,-1
-1,-1
-1,-1
77467,47
-1,-1
108527,34
553311,88
160226,10
139440,78
-1,-1
-1,-1
308526,9
-1,-1
-1,-1
-1,-1
-1,-1
238858,6
280434,27
353360,30
503986,41
334764,36
332505,6
-1,-1
-1,-1
-1,-1
163497,202
-1,-1
731981,6
-1,-1
419829,56
-1,-1
-1,-1
-1,-1
238857,33
-1,-1
122313,75
-1,-1
-1,-1
89133,18
-1,-1
-1,-1
-1,-1
312713,26
-1,-1
-1,-1
-1,-1
82437,241
-1,-1
88551,336
139403,27
-1,-1
-1,-1
-1,-1
-1,-1
-1,-1
-1,-1
268804,8
-1,-1
-1,-1
-1,-1
-1,-1
-1,-1
-1,-1
465560,85
30375,711
-1,-1
201159,41
-1,-1
