476182,1859,83512763
818661,82,2461476
841558,80,2034184
657464,94,8498083
797805,91,6382339
852351,88,4736125
193027,90,5590767
205875,99,14518641
1452166,69,703405
215365,92,6871440
709743,77,1609769
736789,76,1398383
250486,99,13040541
406567,82,2501819
354657,82,2439987
669486,75,1213019
666540,70,792247
455004,76,1430293
525380,75,1220882
916377,72,936543
815353,71,879967
544321,65,490943
650321,71,850260
287168,83,2911650
-1,-1
-1,-1
-1,-1
-1,-1
-1,-1
-1,-1
840076,20
451030,7
718199,5
812224,5
848809,3
-1,-1
-1,-1
149309,580
-1,-1
-1,-1
512601,11
-1,-1
-1,-1
-1,-1
765757,13
-1,-1
-1,-1
-1,-1
-1,-1
-1,-1
-1,-1
-1,-1
-1,-1
-1,-1
-1,-1
-1,-1
-1,-1
-1,-1
-1,-1
-1,-1
-1,-1
-1,-1
-1,-1
-1,-1
-1,-1
-1,-1
-1,-1
-1,-1
-1,-1
-1,-1
-1,-1
121298,14
-1,-1
-1,-1
-1,-1
-1,-1
-1,-1
-1,-1
-1,-1
-1,-1
170600,96
-1,-1
51114,335
-1,-1
-1,-1
-1,-1
-1,-1
-1,-1
-1,-1
-1,-1
-1,-1
-1,-1
-1,-1
-1,-1
-1,-1
468049,41
88677,609
-1,-1
-1,-1
