289763,2050,146344376
790930,87,3988819
813890,84,3194088
496438,99,13259923
762216,95,9516464
858961,91,6396493
241241,91,5944553
238598,99,15737302
293882,99,13070408
262846,94,8458019
677730,81,2313785
232881,93,7399415
45533,99,15385531
428718,85,3445619
359900,85,3370275
507357,83,2683855
255810,90,5433727
159774,90,5723743
222278,92,7005930
855853,78,1653859
532448,87,4238114
297272,81,2242266
440703,81,2260474
234602,86,3621714
-1,-1
-1,-1
-1,-1
-1,-1
-1,-1
-1,-1
819598,35
453568,10
635857,8
750238,9
838502,7
-1,-1
460592,1
226660,580
-1,-1
-1,-1
116712,243
-1,-1
-1,-1
-1,-1
-1,-1
51690,47
-1,-1
100254,34
526082,88
149307,10
131711,78
-1,-1
-1,-1
298618,9
-1,-1
-1,-1
-1,-1
-1,-1
231612,6
264898,27
338434,30
474066,41
321341,36
282841,6
-1,-1
-1,-1
156991,202
-1,-1
691801,6
-1,-1
408323,56
-1,-1
-1,-1
-1,-1
182475,33
-1,-1
117532,75
-1,-1
-1,-1
83451,18
-1,-1
-1,-1
-1,-1
261667,26
-1,-1
-1,-1
-1,-1
74275,241
-1,-1
82113,336
95833,27
-1,-1
-1,-1
-1,-1
-1,-1
-1,-1
-1,-1
246025,8
-1,-1
-1,-1
-1,-1
-1,-1
-1,-1
-1,-1
443265,85
28300,711
-1,-1
190028,41
-1,-1
