166608,2229,276371267
173233,99,17052579
260687,99,13873520
135518,99,29346533
153366,99,37745110
177187,99,31696154
241646,95,8818199
193215,99,19201367
486825,97,11050793
326246,94,8452467
379143,93,7460526
290627,92,6772502
471166,95,9057782
339976,92,6836994
384501,86,3669822
88848,99,13752083
238203,92,6522779
373871,83,2860113
303656,91,6108445
410389,93,7730618
184459,99,14369933
409802,79,1885811
605103,79,1870134
380667,84,3186193
102375,92,7050810
-1,0
-1,0
-1,0
-1,0
-1,0
-1,0
-1,0
215913,359
1447555,2
771481,7
98146,205
275766,105
168762,34
261584,6
-1,404
-1,1764
131414,628
306740,164
191009,859
113337,515
59680,688
-1,0
66496,77
129426,317
91793,85
12330,1336
139889,282
-1,2
-1,1
60862,270
-1,0
205613,57
-1,0
315146,5
190089,33
130906,140
175917,25
382180,25
226764,120
282960,177
208234,135
240948,25
29483,84
114460,141
145832,323
292566,76
301870,50
162835,75
235463,50
130813,310
368958,687
120438,109
120299,138
359310,26
223733,1
-1,0
-1,0
-1,0
259697,7
183241,51
62084,352
-1,1
138964,113
-1,0
496132,10
-1,0
-1,0
146244,180
154192,27
20518,910
206345,27
87031,24
62789,336
38066,180
-1,0
-1,0
317946,24
202404,27
-1,0
-1,0
-1,3
16861,1722
200308,20
136805,43
457580,114
387881,380
34040,477
224969,41
264516,398
