239683,2081,174292866
275788,99,13696581
407327,96,9810663
305423,99,15073186
333609,99,20971278
574436,98,12311129
334800,85,3584299
521981,97,10936679
495135,93,7313486
363617,89,5022526
341404,92,6869829
420761,86,3771026
395271,95,9050364
294095,91,6069805
369843,85,3265705
157207,97,11504280
338367,86,3634139
506584,78,1658833
259110,91,6024194
537717,87,4247792
260559,99,13143748
382346,77,1539393
516021,78,1768146
331640,84,3025785
-1,-1
-1,-1
-1,-1
-1,-1
-1,-1
-1,-1
260342,238
1232911,2
670762,7
126739,131
351769,64
155466,30
264979,4
-1,-1
-1,-1
118256,628
244358,144
126171,848
-1,-1
66530,465
-1,-1
65012,29
-1,-1
117537,20
10830,1325
-1,-1
-1,-1
52342,221
-1,-1
272548,13
-1,-1
268968,5
172328,30
298817,8
198263,12
330230,25
200125,120
240335,177
185414,135
196351,25
91994,74
149359,273
417801,25
-1,-1
134801,74
-1,-1
231975,147
-1,-1
-1,-1
98299,137
189348,26
190823,1
-1,-1
-1,-1
-1,-1
226226,7
136417,51
124328,84
-1,-1
94514,113
433902,10
-1,-1
-1,-1
109030,180
138116,25
17717,869
88695,27
-1,-1
55002,132
-1,-1
-1,-1
-1,-1
-1,-1
178748,21
-1,-1
-1,-1
-1,-1
88341,51
178934,20
111311,43
421260,97
337278,380
237657,22
277142,249
