361828,1954,111497936
298467,99,13143779
620867,87,4091030
369112,99,13492863
431885,99,15321649
670070,93,7769839
807532,73,1044788
679326,93,7415647
472816,91,6222258
363808,87,3986389
441501,87,4173425
425966,84,3182924
880627,78,1763988
294519,88,4675478
381949,82,2502788
194418,91,6326214
379540,81,2318922
519307,76,1376088
647443,73,1016769
816295,76,1410029
398846,89,5317204
520620,68,618412
444695,78,1697376
458346,82,2630077
-1,-1
-1,-1
-1,-1
-1,-1
-1,-1
-1,-1
341695,141
1104389,2
605582,7
207797,63
390815,44
164377,23
306566,2
-1,-1
-1,-1
103707,628
391311,39
-1,-1
-1,-1
-1,-1
-1,-1
9889,1320
-1,-1
-1,-1
50013,131
-1,-1
259613,9
-1,-1
232260,5
-1,-1
267478,6
-1,-1
-1,-1
-1,-1
371265,58
342377,13
-1,-1
-1,-1
136964,263
-1,-1
-1,-1
153561,59
-1,-1
546297,16
-1,-1
-1,-1
263993,7
-1,-1
177938,1
-1,-1
-1,-1
-1,-1
-1,-1
-1,-1
116724,68
-1,-1
-1,-1
-1,-1
-1,-1
-1,-1
97784,162
116893,25
19134,724
-1,-1
-1,-1
-1,-1
-1,-1
-1,-1
155078,17
-1,-1
-1,-1
-1,-1
-1,-1
158688,20
88117,43
412464,65
752602,100
189392,22
324066,81
