59324,2222,273308633
324024,98,12058916
345085,94,8343566
321006,99,13525862
313835,99,17763803
469481,97,11257777
236924,86,3643625
153942,99,15468627
108846,99,13537895
74751,99,13344013
208535,98,11815606
38254,99,14179879
299887,95,9016872
29598,99,14552627
106155,92,6870990
76652,99,13038283
42080,99,13176518
101180,90,5648600
140982,94,8075033
204946,95,9256208
25078,99,23615167
62390,99,13035458
89631,95,8999110
54876,99,13084198
-1,-1
-1,-1
-1,-1
-1,-1
-1,-1
101359,427
42232,72
123907,40
183785,64
90783,187
78597,42
76090,22
139241,567
-1,-1
69935,860
113750,157
-1,-1
-1,-1
-1,-1
108079,413
211566,5
-1,-1
-1,-1
239546,8
121540,92
-1,-1
180180,6
179976,13
195329,14
-1,-1
197196,25
244542,44
115482,309
248708,41
69175,25
-1,-1
104600,305
72990,380
-1,-1
23409,148
85639,136
243017,110
49500,2973
100359,63
89844,103
57099,3
-1,-1
-1,-1
-1,-1
252841,5
-1,-1
135744,45
-1,-1
200368,22
-1,-1
58754,193
155078,9
92247,87
-1,-1
-1,-1
-1,-1
-1,-1
63074,807
86747,36
-1,-1
-1,-1
147044,6
-1,-1
-1,-1
-1,-1
258160,194
253204,387
84546,97
290492,87
