32082,2376,381792184
238013,99,14992153
243845,99,13977845
373505,99,15056205
319181,99,24174147
423338,99,16159366
80858,99,13213743
175300,99,19604015
142738,99,13893723
100686,99,13790945
43789,99,14399130
24413,99,18271504
409486,99,13034519
46828,99,14687159
95735,99,13116282
9454,99,27378233
44686,99,13642446
85337,99,13104637
122857,99,13366958
171127,99,13771825
29969,99,28784412
69580,99,13098131
85647,99,13234331
51033,99,13264037
10601,99,13776438
-1,0
-1,0
-1,0
-1,0
-1,0
-1,0
-1,0
133670,530
92527,85
170506,52
234979,75
109648,221
88324,61
90540,36
269217,567
-1,2500
104817,860
303724,157
-1,0
75732,572
-1,0
-1,0
182460,22
213050,12
-1,0
150386,415
326380,5
-1,1
241518,16
370068,8
138263,131
-1,0
274959,9
102881,62
291694,14
-1,0
289850,28
332161,46
161526,311
329917,45
130088,25
-1,0
-1,1
149273,305
111919,380
-1,0
36785,159
129972,136
234030,160
39204,3892
148386,63
145197,103
402478,14
62743,5
-1,0
-1,3
-1,0
358913,5
-1,0
144992,95
-1,1
412147,17
-1,0
289175,22
-1,0
168674,9
127996,193
290739,9
137133,230
-1,0
-1,1
-1,0
-1,1
-1,0
-1,0
93327,807
158669,38
-1,0
-1,0
209046,6
-1,1
-1,1
-1,1
346608,209
320660,474
-1,0
140216,97
407834,94
