64672,2204,254248413
326140,97,11053156
334263,94,8227646
322270,99,13406625
315363,99,17098169
464607,97,10699994
224296,85,3548532
154127,99,15113073
104284,99,13509415
80858,99,13202778
231316,94,8268060
80732,99,13076963
287269,95,9007688
43020,99,13924035
109721,91,6061810
87012,96,10385418
45825,99,13130631
108580,89,5014970
133200,94,8063223
199603,95,9140729
23357,99,23578909
72560,95,8902875
104186,92,6751946
52857,99,13081768
-1,-1
-1,-1
-1,-1
-1,-1
-1,-1
103438,403
46704,60
123304,38
181227,62
89197,184
77927,40
80179,19
-1,-1
-1,-1
65637,860
97168,157
-1,-1
-1,-1
-1,-1
140825,322
201611,5
-1,-1
-1,-1
224099,8
120827,87
-1,-1
151862,6
157864,13
179255,14
-1,-1
180726,25
234164,44
111026,309
238162,41
66166,25
98760,305
69168,380
-1,-1
21999,147
81330,136
236619,110
46981,2973
96576,63
88225,100
54773,3
-1,-1
-1,-1
-1,-1
243383,5
-1,-1
128303,45
-1,-1
192760,22
-1,-1
52896,193
127904,9
83684,77
-1,-1
-1,-1
60014,807
77764,35
-1,-1
-1,-1
141930,6
-1,-1
-1,-1
247281,194
242218,387
80674,97
279400,87
