62241,2231,286660090
337759,98,12700410
364774,94,8469475
342069,99,13535149
326281,99,18178293
498073,97,11397066
256447,86,3713538
166643,99,15681744
117950,99,13539095
75105,99,13467371
179795,99,13036911
18937,99,17679251
322268,95,9047227
32162,99,14572403
116378,93,7210078
78675,99,13082623
41378,99,13222867
80903,95,9160805
149200,95,8774400
211157,95,9535969
25863,99,24481963
68192,99,13035560
92985,96,10043196
56320,99,13094696
-1,-1
-1,-1
-1,-1
-1,-1
-1,-1
-1,-1
92645,487
41531,84
105670,51
175890,73
87632,199
70893,49
63819,31
162362,567
-1,-1
76130,860
140044,157
-1,-1
-1,-1
-1,-1
115256,413
227758,5
-1,-1
-1,-1
259273,8
127505,92
-1,-1
204826,6
204843,13
213630,14
-1,-1
218540,25
257018,44
120843,309
261157,41
73228,25
-1,-1
114167,305
79793,380
-1,-1
25135,151
92358,136
252964,110
46629,3156
107362,63
95342,103
38050,5
-1,-1
-1,-1
-1,-1
267397,5
-1,-1
95840,78
-1,-1
212631,22
-1,-1
68983,193
181951,9
109900,91
-1,-1
-1,-1
-1,-1
-1,-1
67984,807
101243,37
-1,-1
-1,-1
155669,6
-1,-1
-1,-1
-1,-1
270585,194
272262,387
90448,97
305993,87
