63713,2231,286839196
342467,98,12702110
369579,94,8471024
346344,99,13536698
331158,99,18180744
504539,97,11397066
260468,86,3713538
170564,99,15683023
119584,99,13539215
76729,99,13467441
182501,99,13036911
19047,99,17679331
326723,95,9047227
32809,99,14572663
118579,93,7210338
80788,99,13082693
42358,99,13222897
81872,95,9330399
151443,95,8774485
214502,95,9535969
26434,99,24481972
69235,99,13035560
94756,96,10043196
57480,99,13094696
-1,-1
-1,-1
-1,-1
-1,-1
-1,-1
-1,-1
94237,487
42816,84
107391,51
177859,73
88727,199
72003,49
64936,31
166902,567
-1,-1
76948,860
144493,157
-1,-1
-1,-1
-1,-1
116716,413
231346,5
-1,-1
-1,-1
263016,8
129192,92
-1,-1
208885,6
209457,13
217314,14
-1,-1
222282,25
259714,44
122217,309
263738,41
74012,25
-1,-1
116095,305
81338,380
-1,-1
25713,151
93678,136
254889,110
47395,3156
109023,63
96686,103
38591,5
-1,-1
-1,-1
-1,-1
270872,5
-1,-1
97715,78
-1,-1
-1,-1
215292,22
-1,-1
70890,193
186548,9
113005,91
-1,-1
-1,-1
-1,-1
-1,-1
69033,807
103710,37
-1,-1
-1,-1
157542,6
-1,-1
-1,-1
-1,-1
273859,194
275962,387
91536,97
309421,87
