-1,0,0
-1,1,-1
-1,1,-1
-1,1,-1
-1,1,-1
-1,1,-1
-1,1,-1
-1,1,-1
-1,1,-1
-1,1,-1
-1,1,-1
-1,1,-1
-1,1,-1
1945482,53,145694
-1,1,-1
-1,1,-1
1800362,34,21719
-1,1,-1
1963948,42,45539
-1,1,-1
-1,1,-1
-1,1,-1
1352973,49,100929
1890096,29,12066
-1,-1
-1,-1
-1,-1
-1,-1
-1,-1
-1,-1
-1,-1
-1,-1
-1,-1
1328720,1
-1,-1
-1,-1
-1,-1
-1,-1
-1,-1
92951,688
-1,-1
-1,-1
-1,-1
-1,-1
-1,-1
-1,-1
-1,-1
-1,-1
-1,-1
-1,-1
-1,-1
-1,-1
-1,-1
-1,-1
-1,-1
-1,-1
-1,-1
-1,-1
-1,-1
-1,-1
-1,-1
-1,-1
-1,-1
-1,-1
-1,-1
-1,-1
-1,-1
-1,-1
-1,-1
-1,-1
-1,-1
-1,-1
-1,-1
-1,-1
-1,-1
-1,-1
-1,-1
-1,-1
-1,-1
-1,-1
-1,-1
-1,-1
-1,-1
-1,-1
-1,-1
-1,-1
-1,-1
-1,-1
-1,-1
-1,-1
-1,-1
-1,-1
-1,-1
-1,-1
-1,-1
-1,-1
-1,-1
-1,-1
-1,-1
-1,-1
