-1,0,0
-1,1,-1
-1,1,-1
-1,1,-1
-1,1,-1
-1,1,-1
-1,1,-1
-1,1,-1
-1,1,-1
-1,1,-1
-1,1,-1
-1,1,-1
-1,1,-1
-1,1,-1
-1,1,-1
-1,1,-1
1939225,34,21719
-1,1,-1
-1,1,-1
-1,1,-1
-1,1,-1
-1,1,-1
1472770,49,100929
-1,1,-1
-1,-1
-1,-1
-1,-1
-1,-1
-1,-1
-1,-1
-1,-1
-1,-1
-1,-1
1398033,1
-1,-1
-1,-1
-1,-1
-1,-1
-1,-1
105894,688
-1,-1
-1,-1
-1,-1
-1,-1
-1,-1
-1,-1
-1,-1
-1,-1
-1,-1
-1,-1
-1,-1
-1,-1
-1,-1
-1,-1
-1,-1
-1,-1
-1,-1
-1,-1
-1,-1
-1,-1
-1,-1
-1,-1
-1,-1
-1,-1
-1,-1
-1,-1
-1,-1
-1,-1
-1,-1
-1,-1
-1,-1
-1,-1
-1,-1
-1,-1
-1,-1
-1,-1
-1,-1
-1,-1
-1,-1
-1,-1
-1,-1
-1,-1
-1,-1
-1,-1
-1,-1
-1,-1
-1,-1
-1,-1
-1,-1
-1,-1
-1,-1
-1,-1
-1,-1
-1,-1
-1,-1
-1,-1
-1,-1
-1,-1
-1,-1
-1,-1
-1,-1
-1,-1
-1,-1
-1,-1
-1,-1
-1,-1
