-1,0,0
1984378,60,300127
-1,1,-1
-1,1,-1
-1,1,-1
-1,1,-1
-1,1,-1
-1,1,-1
1994024,56,187040
-1,1,-1
-1,1,-1
-1,1,-1
-1,1,-1
1883550,53,145694
-1,1,-1
-1,1,-1
1736517,34,21719
1973313,49,98333
1894892,42,45539
-1,1,-1
-1,1,-1
-1,1,-1
1303652,49,100929
1818920,29,12066
-1,-1
-1,-1
-1,-1
-1,-1
-1,-1
-1,-1
-1,-1
-1,-1
-1,-1
1302754,1
-1,-1
-1,-1
-1,-1
-1,-1
-1,-1
87852,688
-1,-1
-1,-1
-1,-1
-1,-1
-1,-1
-1,-1
-1,-1
-1,-1
-1,-1
-1,-1
-1,-1
-1,-1
-1,-1
-1,-1
-1,-1
-1,-1
-1,-1
-1,-1
-1,-1
-1,-1
-1,-1
-1,-1
-1,-1
-1,-1
-1,-1
-1,-1
-1,-1
-1,-1
-1,-1
-1,-1
-1,-1
-1,-1
-1,-1
-1,-1
-1,-1
-1,-1
-1,-1
-1,-1
-1,-1
-1,-1
-1,-1
-1,-1
-1,-1
-1,-1
-1,-1
-1,-1
-1,-1
-1,-1
-1,-1
-1,-1
-1,-1
-1,-1
-1,-1
-1,-1
-1,-1
-1,-1
-1,-1
-1,-1
-1,-1
