1904180,952,1921430
1889630,60,300127
-1,1,-1
-1,1,-1
-1,1,-1
-1,1,-1
1919017,45,67392
-1,1,-1
1891098,56,187040
-1,1,-1
-1,1,-1
-1,1,-1
-1,1,-1
1774782,53,145694
-1,1,-1
-1,1,-1
1643898,34,21719
1865350,49,98333
1792176,42,45539
-1,1,-1
1904888,15,2640
-1,1,-1
1229333,49,100929
1717824,29,12066
-1,-1
-1,-1
-1,-1
-1,-1
-1,-1
-1,-1
-1,-1
-1,-1
1261559,1
-1,-1
-1,-1
-1,-1
-1,-1
-1,-1
79497,688
-1,-1
-1,-1
-1,-1
-1,-1
-1,-1
-1,-1
-1,-1
-1,-1
-1,-1
-1,-1
-1,-1
-1,-1
-1,-1
-1,-1
-1,-1
-1,-1
-1,-1
-1,-1
-1,-1
-1,-1
-1,-1
-1,-1
-1,-1
-1,-1
-1,-1
-1,-1
-1,-1
-1,-1
-1,-1
-1,-1
-1,-1
-1,-1
-1,-1
-1,-1
-1,-1
-1,-1
-1,-1
-1,-1
-1,-1
-1,-1
-1,-1
-1,-1
-1,-1
-1,-1
-1,-1
-1,-1
-1,-1
-1,-1
-1,-1
-1,-1
-1,-1
-1,-1
-1,-1
-1,-1
-1,-1
