-1,0,0
-1,1,-1
-1,1,-1
-1,1,-1
-1,1,-1
-1,1,-1
-1,1,-1
-1,1,-1
-1,1,-1
-1,1,-1
-1,1,-1
-1,1,-1
-1,1,-1
-1,1,-1
-1,1,-1
-1,1,-1
1934409,34,21719
-1,1,-1
-1,1,-1
-1,1,-1
-1,1,-1
-1,1,-1
1468874,49,100929
-1,1,-1
-1,-1
-1,-1
-1,-1
-1,-1
-1,-1
-1,-1
-1,-1
-1,-1
-1,-1
1395713,1
-1,-1
-1,-1
-1,-1
-1,-1
-1,-1
104488,688
-1,-1
-1,-1
-1,-1
-1,-1
-1,-1
-1,-1
-1,-1
-1,-1
-1,-1
-1,-1
-1,-1
-1,-1
-1,-1
-1,-1
-1,-1
-1,-1
-1,-1
-1,-1
-1,-1
-1,-1
-1,-1
-1,-1
-1,-1
-1,-1
-1,-1
-1,-1
-1,-1
-1,-1
-1,-1
-1,-1
-1,-1
-1,-1
-1,-1
-1,-1
-1,-1
-1,-1
-1,-1
-1,-1
-1,-1
-1,-1
-1,-1
-1,-1
-1,-1
-1,-1
-1,-1
-1,-1
-1,-1
-1,-1
-1,-1
-1,-1
-1,-1
-1,-1
-1,-1
-1,-1
-1,-1
-1,-1
-1,-1
-1,-1
-1,-1
-1,-1
-1,-1
-1,-1
-1,-1
-1,-1
