103095,2278,376991557
214917,99,15483441
276545,99,13568703
276663,99,17529864
188342,99,32463951
138164,99,36132113
169841,99,13043166
188458,99,18780746
70633,99,16455660
239880,99,13035730
71817,99,13638485
183416,99,13034477
31032,99,18028072
29595,99,15146377
144597,99,13034621
178534,99,13034453
136291,99,13040775
115971,99,13035254
186651,99,13036179
130501,99,15016118
57314,99,21325837
103043,99,13037764
135974,99,13035339
132478,99,13054432
-1,1,0
-1,-1
-1,-1
-1,-1
-1,-1
-1,-1
-1,-1
-1,-1
27654,1541
21658,343
25980,334
55924,319
36078,389
29557,132
120423,24
313275,535
-1,-1
-1,-1
301304,157
147445,2376
25656,766
119783,332
109045,725
18605,173
175527,67
-1,-1
107901,514
49242,37
190672,43
261766,6
159357,495
128397,147
80386,9
82590,70
45718,140
237013,35
-1,-1
30654,207
100957,330
123563,386
98769,335
26565,70
-1,-1
-1,-1
83329,561
117192,351
278342,50
33564,165
104228,176
78624,474
133282,2106
173181,40
63134,256
65219,244
108930,3
148291,45
-1,-1
-1,-1
157143,11
89115,163
70639,251
73777,77
162350,93
-1,-1
158286,35
-1,-1
165982,8
97412,231
25260,97
48193,541
193642,25
-1,-1
-1,-1
70451,25
108875,6
-1,-1
138432,492
37547,131
135021,24
-1,-1
42322,22
105330,81
223065,12
257535,5
230931,392
630743,188
-1,-1
17333,677
180042,693
