73221,2264,367383484
228073,99,14766506
282397,99,13333666
252058,99,17290075
172704,99,31975169
122130,99,35886931
191755,98,11948138
167964,99,18636967
66061,99,16303976
231281,98,12984656
270271,98,12928530
173602,98,12987510
30898,99,17380268
27945,99,15081086
136596,98,11883489
158629,98,12990223
140731,98,12885590
109275,98,12957083
177132,98,12358956
118319,99,14954638
53023,99,21089398
104452,98,12865971
127091,98,12945196
136070,97,10949462
-1,-1
-1,-1
-1,-1
-1,-1
-1,-1
-1,-1
24217,1494
17241,343
22769,334
57125,287
32284,386
28378,123
121130,21
291527,535
-1,-1
-1,-1
255407,157
118676,2376
18439,757
102178,332
105768,686
13322,173
140928,67
-1,-1
102979,514
41687,37
175618,43
230872,6
145237,495
123899,144
72377,9
77892,70
41836,140
225815,35
-1,-1
27556,207
95924,330
115528,386
94093,335
15959,70
-1,-1
-1,-1
82457,543
111175,351
248887,50
30495,165
97150,176
74842,474
126825,2106
163980,40
57276,256
39015,244
103305,3
139340,45
-1,-1
-1,-1
146987,11
78323,163
60487,251
69045,77
134058,93
148880,35
-1,-1
148431,8
83020,231
23475,97
42970,541
-1,-1
-1,-1
-1,-1
61251,25
99827,6
-1,-1
130123,492
35630,131
117330,24
-1,-1
40013,22
93254,70
212036,12
233647,5
217337,392
589887,187
-1,-1
15018,677
170384,693
