72115,2231,311918740
261733,99,13461416
339194,97,11167381
277866,99,14640375
176697,99,27645138
122719,99,30763729
173622,95,9028028
164850,99,16637000
66929,99,15242387
185908,98,12544136
242011,98,12123810
149194,98,12140179
25268,99,17374709
47273,99,14219801
136793,92,6746007
120705,98,12340631
112802,98,12568719
94914,95,8816134
161924,95,9114034
159978,98,12988026
45600,99,20391826
116213,91,6250187
123158,94,8249327
112367,93,7465760
-1,-1
-1,-1
-1,-1
-1,-1
-1,-1
-1,-1
22095,1302
10952,343
19725,289
69833,212
34157,336
25684,107
120675,15
227908,535
-1,-1
-1,-1
293053,75
-1,-1
77931,332
127492,379
-1,-1
89733,514
31982,37
139795,43
165273,6
121946,492
116206,132
-1,-1
70055,67
34584,140
211280,25
-1,-1
22013,204
84941,330
101321,386
83815,335
9393,70
-1,-1
137370,271
95317,348
209979,50
25585,160
83082,176
67700,471
125168,1928
141705,40
43732,256
149692,6
96606,2
117026,45
-1,-1
-1,-1
124119,11
96649,60
38943,251
59963,75
-1,-1
124413,35
-1,-1
105193,8
62529,231
20017,97
34867,523
-1,-1
47987,9
-1,-1
-1,-1
112538,492
34963,120
84859,24
-1,-1
40276,20
58583,64
186130,12
189610,5
212751,330
508550,187
10958,677
149451,693
