85537,2278,376991557
210668,99,15483441
270669,99,13568703
269265,99,17529864
183411,99,32463951
133551,99,36132113
166310,99,13043166
180859,99,18780746
69076,99,16455660
232514,99,13035730
68529,99,13638485
179576,99,13034477
29914,99,18028072
28886,99,15146377
141258,99,13034621
172604,99,13034453
133071,99,13040775
113129,99,13035254
180805,99,13036179
127595,99,15016118
56086,99,21325837
99965,99,13037764
132776,99,13035339
127094,99,13054432
-1,1,0
-1,-1
-1,-1
-1,-1
-1,-1
-1,-1
-1,-1
-1,-1
26266,1541
20874,343
25402,334
53949,319
35152,389
28908,132
118873,24
310471,535
-1,-1
-1,-1
288452,157
141200,2376
23035,766
116555,332
107295,725
17480,173
168859,67
-1,-1
106858,514
45688,37
185682,43
255047,6
156469,495
126778,147
78377,9
81493,70
44908,140
234573,35
-1,-1
29717,207
99932,330
121986,386
97859,335
24865,70
-1,-1
-1,-1
82332,561
115890,351
272125,50
32884,165
102876,176
77804,474
131905,2106
171230,40
61938,256
59964,244
107698,3
146245,45
-1,-1
-1,-1
155040,11
86985,163
68708,251
72701,77
155577,93
-1,-1
156410,35
-1,-1
162276,8
93842,231
24789,97
47016,541
182086,25
-1,-1
-1,-1
68753,25
106626,6
-1,-1
136609,492
37079,131
131051,24
-1,-1
41792,22
102079,81
220475,12
251557,5
227874,392
619640,188
-1,-1
16803,677
177718,693
