73196,2194,255151564
342430,96,10671256
379736,92,6964433
319268,99,13483572
219048,99,21927728
136233,99,24620633
163967,91,5986589
213730,99,13911774
105420,99,13544961
149733,97,11137972
240467,94,8093952
133930,96,10199604
69681,99,13657561
52165,99,13697330
116604,91,5976224
86161,97,11544573
90444,97,10815320
89783,91,6459219
139026,94,7992955
170907,96,10374014
55110,99,17105398
118710,88,4694599
121171,91,5921346
90807,91,6370551
-1,-1
-1,-1
-1,-1
-1,-1
-1,-1
20269,1156
6812,343
16600,261
71893,179
44633,277
29119,84
109731,12
159480,535
-1,-1
-1,-1
216622,62
73872,300
115481,308
-1,-1
86271,477
24457,37
106463,43
-1,-1
176122,150
118118,96
-1,-1
59882,67
33801,119
195709,12
-1,-1
17626,204
104486,228
123683,286
103256,233
7709,70
200767,103
122110,177
244427,5
20481,155
72426,166
70312,415
194275,1082
140229,20
107243,78
81369,2
108634,9
-1,-1
-1,-1
107351,11
81066,13
38204,197
49747,75
172789,25
-1,-1
45937,221
15328,97
20641,520
-1,-1
-1,-1
126307,306
35716,96
53219,18
-1,-1
60990,14
148470,12
128832,5
282251,152
498415,157
8465,660
148881,583
