67859,2218,291267050
246692,99,13350462
339922,95,9267765
308775,99,13795781
175786,99,25880266
117809,99,28903385
159237,94,8150032
154346,99,16007325
76361,99,14440927
161753,98,12226111
234300,96,9794416
140559,97,10937111
31018,99,15834613
46879,99,14018652
124814,91,6294602
98836,98,12117395
97660,98,12124911
86115,93,7843270
144386,95,9020260
146457,98,12512600
45361,99,19244827
125618,89,4990614
114876,92,7148035
95618,93,7363690
-1,-1
-1,-1
-1,-1
-1,-1
-1,-1
-1,-1
20200,1245
8441,343
17633,276
66448,206
37051,310
25404,98
119593,12
188531,535
-1,-1
-1,-1
250988,68
72278,332
113646,379
-1,-1
81992,514
27598,37
118992,43
123568,6
137937,334
121691,100
-1,-1
63799,67
30902,139
188252,25
-1,-1
19168,204
89182,290
105662,347
88242,295
8437,70
-1,-1
158083,188
89121,321
188806,50
23000,156
75082,176
73597,417
142676,1607
127527,40
39365,256
87020,2
97962,45
-1,-1
-1,-1
114075,11
85898,42
33767,251
53622,75
160290,28
-1,-1
51370,231
17505,97
27477,520
-1,-1
31250,9
-1,-1
-1,-1
102411,492
32548,114
70260,18
-1,-1
40171,19
48563,26
166986,12
158089,5
214627,292
482543,178
9450,660
147696,638
