73167,2259,355388554
240167,99,14387020
366286,98,13024673
268874,99,16311528
177788,99,30844908
128134,99,34157546
192865,96,10108034
161375,99,18524001
70275,99,15832636
224421,98,12632155
267414,98,12480338
171021,98,12610742
29951,99,17379646
29452,99,14992110
136808,96,10135905
152655,98,12935193
136655,98,12805109
105005,98,12950058
172591,98,12142564
123355,99,14522834
54959,99,20480113
101103,98,12288817
122380,98,12893480
130824,97,10949144
-1,-1
-1,-1
-1,-1
-1,-1
-1,-1
-1,-1
23539,1464
15882,343
21764,329
58082,275
32110,379
28206,119
124086,19
282288,535
-1,-1
-1,-1
238459,157
-1,-1
17894,732
94703,332
146074,379
11430,173
127435,67
-1,-1
100303,514
39490,37
170454,43
221600,6
140652,495
123367,142
70289,9
76453,70
40609,140
221348,35
-1,-1
26544,207
94148,330
113227,386
92520,335
10731,70
-1,-1
81264,543
108900,351
241196,50
31148,160
94694,176
73601,474
124608,2106
160616,40
55203,256
148567,50
114153,2
136718,45
-1,-1
-1,-1
142597,11
73651,163
56464,251
67537,77
122731,93
145068,35
-1,-1
143020,8
79303,231
23045,97
41710,540
-1,-1
-1,-1
-1,-1
57523,25
97215,6
-1,-1
127378,492
34677,131
109072,24
-1,-1
39178,22
86005,70
208217,12
227750,5
238855,333
576288,187
-1,-1
14464,677
166774,693
