823411,1641,28107838
1195523,75,1218906
1208256,72,899666
1096408,83,2872770
1123420,83,2891596
1272882,79,1851874
847028,70,791577
991984,83,2859910
678925,81,2331430
727795,76,1358584
813652,74,1146074
1018501,70,760055
1354243,65,459642
587437,76,1346164
934731,70,739658
1193855,66,509648
812889,66,509615
981582,70,738460
525587,74,1172054
726489,77,1547008
627259,77,1599929
1186225,42,46165
996007,62,349435
1161409,50,107618
-1,-1
-1,-1
-1,-1
-1,-1
-1,-1
-1,-1
672903,33
-1,-1
-1,-1
1288901,1
423303,32
-1,-1
-1,-1
-1,-1
-1,-1
110508,504
-1,-1
-1,-1
-1,-1
-1,-1
241763,202
-1,-1
-1,-1
-1,-1
-1,-1
-1,-1
-1,-1
-1,-1
-1,-1
-1,-1
-1,-1
245467,21
-1,-1
89858,391
-1,-1
-1,-1
-1,-1
-1,-1
-1,-1
-1,-1
279691,27
-1,-1
-1,-1
-1,-1
-1,-1
-1,-1
-1,-1
-1,-1
-1,-1
-1,-1
-1,-1
-1,-1
-1,-1
-1,-1
-1,-1
-1,-1
522423,6
-1,-1
-1,-1
-1,-1
-1,-1
-1,-1
-1,-1
-1,-1
-1,-1
-1,-1
-1,-1
-1,-1
-1,-1
-1,-1
-1,-1
-1,-1
1066036,24
-1,-1
-1,-1
