1072622,1641,28107838
1501675,75,1218906
1506906,72,899666
1379895,83,2872770
1412665,83,2891596
1556442,79,1851874
1118734,70,791577
1276980,83,2859910
862936,81,2331430
955560,76,1358584
1004975,74,1146074
1253438,70,760055
1729425,65,459642
802454,76,1346164
1225030,70,739658
1577588,66,509648
1085579,66,509615
1291420,70,738460
758187,74,1172054
903027,77,1547008
839994,77,1599929
1549951,42,46165
1300494,62,349435
1480854,50,107618
-1,-1
-1,-1
-1,-1
-1,-1
-1,-1
-1,-1
858650,33
-1,-1
-1,-1
1485945,1
529354,32
-1,-1
-1,-1
-1,-1
-1,-1
152448,504
-1,-1
-1,-1
-1,-1
-1,-1
-1,-1
-1,-1
-1,-1
-1,-1
308209,202
-1,-1
-1,-1
-1,-1
-1,-1
-1,-1
-1,-1
-1,-1
-1,-1
-1,-1
-1,-1
385222,21
-1,-1
113998,391
-1,-1
-1,-1
-1,-1
-1,-1
-1,-1
-1,-1
-1,-1
389399,27
-1,-1
-1,-1
-1,-1
-1,-1
-1,-1
-1,-1
-1,-1
-1,-1
-1,-1
-1,-1
-1,-1
-1,-1
-1,-1
-1,-1
-1,-1
-1,-1
-1,-1
-1,-1
881806,6
-1,-1
-1,-1
-1,-1
-1,-1
-1,-1
-1,-1
-1,-1
-1,-1
-1,-1
-1,-1
-1,-1
-1,-1
-1,-1
-1,-1
-1,-1
-1,-1
-1,-1
1419292,24
-1,-1
-1,-1
-1,-1
