1001371,1641,28107838
1405495,75,1218906
1412310,72,899666
1289987,83,2872770
1320387,83,2891596
1469447,79,1851874
1037429,70,791577
1189760,83,2859910
811815,81,2331430
892535,76,1358584
950472,74,1146074
1187823,70,760055
1618040,65,459642
743536,76,1346164
1141325,70,739658
1467432,66,509648
1005427,66,509615
1199073,70,738460
689852,74,1172054
852925,77,1547008
778969,77,1599929
1436521,42,46165
1205046,62,349435
1387367,50,107618
-1,-1
-1,-1
-1,-1
-1,-1
-1,-1
-1,-1
807786,33
-1,-1
-1,-1
1428247,1
499338,32
-1,-1
-1,-1
-1,-1
-1,-1
138859,504
-1,-1
-1,-1
-1,-1
-1,-1
-1,-1
-1,-1
-1,-1
-1,-1
288730,202
-1,-1
-1,-1
-1,-1
-1,-1
-1,-1
-1,-1
-1,-1
-1,-1
-1,-1
-1,-1
350279,21
-1,-1
107011,391
-1,-1
-1,-1
-1,-1
-1,-1
-1,-1
-1,-1
358525,27
-1,-1
-1,-1
-1,-1
-1,-1
-1,-1
-1,-1
-1,-1
-1,-1
-1,-1
-1,-1
-1,-1
-1,-1
-1,-1
-1,-1
-1,-1
-1,-1
-1,-1
-1,-1
770745,6
-1,-1
-1,-1
-1,-1
-1,-1
-1,-1
-1,-1
-1,-1
-1,-1
-1,-1
-1,-1
-1,-1
-1,-1
-1,-1
-1,-1
-1,-1
-1,-1
-1,-1
1327974,24
-1,-1
-1,-1
