883125,1641,28107838
1267917,75,1218906
1279008,72,899666
1161472,83,2872770
1191856,83,2891596
1342150,79,1851874
911693,70,791577
1059388,83,2859910
725463,81,2331430
786792,76,1358584
860749,74,1146074
1076835,70,760055
1447794,65,459642
642949,76,1346164
1006262,70,739658
1290665,66,509648
878785,66,509615
1051639,70,738460
580860,74,1172054
767239,77,1547008
678920,77,1599929
1271463,42,46165
1064938,62,349435
1239784,50,107618
-1,-1
-1,-1
-1,-1
-1,-1
-1,-1
-1,-1
716422,33
-1,-1
-1,-1
1333422,1
446466,32
-1,-1
-1,-1
-1,-1
-1,-1
121057,504
-1,-1
-1,-1
-1,-1
-1,-1
-1,-1
257835,202
-1,-1
-1,-1
-1,-1
-1,-1
-1,-1
-1,-1
-1,-1
-1,-1
-1,-1
-1,-1
283781,21
-1,-1
94976,391
-1,-1
-1,-1
-1,-1
-1,-1
-1,-1
-1,-1
306649,27
-1,-1
-1,-1
-1,-1
-1,-1
-1,-1
-1,-1
-1,-1
-1,-1
-1,-1
-1,-1
-1,-1
-1,-1
-1,-1
-1,-1
-1,-1
-1,-1
-1,-1
-1,-1
617934,6
-1,-1
-1,-1
-1,-1
-1,-1
-1,-1
-1,-1
-1,-1
-1,-1
-1,-1
-1,-1
-1,-1
-1,-1
-1,-1
-1,-1
-1,-1
1166120,24
-1,-1
-1,-1
