1191134,1642,28107838
1650603,75,1218906
1654669,72,899666
1521677,83,2872770
1553456,83,2891596
1685670,79,1851874
1225562,70,791577
1388035,83,2859910
923933,81,2331430
1058181,76,1358584
1084906,74,1146074
1342849,70,760055
1866842,65,459642
882518,76,1346164
1347355,70,739658
1728558,66,509648
1193604,66,509615
1409584,70,738460
847119,74,1172054
966645,77,1547008
926928,77,1599929
1697535,42,46165
1423326,62,349435
1622899,50,107618
-1,1,0
-1,-1
-1,-1
-1,-1
-1,-1
-1,-1
-1,-1
-1,-1
923793,33
-1,-1
-1,-1
1571611,1
561867,32
-1,-1
-1,-1
-1,-1
-1,-1
156805,504
-1,-1
-1,-1
-1,-1
-1,-1
-1,-1
-1,-1
-1,-1
-1,-1
327494,202
-1,-1
-1,-1
-1,-1
-1,-1
-1,-1
-1,-1
-1,-1
-1,-1
-1,-1
-1,-1
428085,21
-1,-1
122520,391
-1,-1
-1,-1
-1,-1
-1,-1
-1,-1
-1,-1
-1,-1
430660,27
-1,-1
-1,-1
-1,-1
-1,-1
-1,-1
-1,-1
-1,-1
-1,-1
-1,-1
-1,-1
-1,-1
-1,-1
-1,-1
-1,-1
-1,-1
-1,-1
-1,-1
-1,-1
-1,-1
1026954,6
-1,-1
-1,-1
-1,-1
-1,-1
-1,-1
-1,-1
-1,-1
-1,-1
-1,-1
-1,-1
-1,-1
-1,-1
-1,-1
-1,-1
-1,-1
-1,-1
-1,-1
1520906,24
-1,-1
-1,-1
-1,-1
