818154,1641,28107838
1190499,75,1218906
1204716,72,899666
1091368,83,2872770
1120381,83,2891596
1268564,79,1851874
842490,70,791577
987187,83,2859910
674635,81,2331430
722744,76,1358584
809099,74,1146074
1013062,70,760055
1346368,65,459642
581644,76,1346164
930182,70,739658
1184918,66,509648
807238,66,509615
975867,70,738460
521822,74,1172054
722793,77,1547008
622191,77,1599929
1177977,42,46165
990275,62,349435
1155141,50,107618
-1,-1
-1,-1
-1,-1
-1,-1
-1,-1
-1,-1
668991,33
-1,-1
-1,-1
1285125,1
421178,32
-1,-1
-1,-1
-1,-1
-1,-1
109748,504
-1,-1
-1,-1
-1,-1
-1,-1
240280,202
-1,-1
-1,-1
-1,-1
-1,-1
-1,-1
-1,-1
-1,-1
-1,-1
-1,-1
-1,-1
241363,21
-1,-1
89372,391
-1,-1
-1,-1
-1,-1
-1,-1
-1,-1
-1,-1
277066,27
-1,-1
-1,-1
-1,-1
-1,-1
-1,-1
-1,-1
-1,-1
-1,-1
-1,-1
-1,-1
-1,-1
-1,-1
-1,-1
-1,-1
-1,-1
512044,6
-1,-1
-1,-1
-1,-1
-1,-1
-1,-1
-1,-1
-1,-1
-1,-1
-1,-1
-1,-1
-1,-1
-1,-1
-1,-1
-1,-1
-1,-1
1056205,24
-1,-1
-1,-1
