977224,1641,28107838
1377656,75,1218906
1385269,72,899666
1263436,83,2872770
1293549,83,2891596
1441805,79,1851874
1011624,70,791577
1164004,83,2859910
793977,81,2331430
869175,76,1358584
933348,74,1146074
1164911,70,760055
1583959,65,459642
723774,76,1346164
1114912,70,739658
1433934,66,509648
981264,66,509615
1170575,70,738460
668628,74,1172054
835145,77,1547008
758856,77,1599929
1402691,42,46165
1177204,62,349435
1358087,50,107618
-1,-1
-1,-1
-1,-1
-1,-1
-1,-1
-1,-1
790601,33
-1,-1
-1,-1
1409959,1
489696,32
-1,-1
-1,-1
-1,-1
-1,-1
136543,504
-1,-1
-1,-1
-1,-1
-1,-1
-1,-1
-1,-1
-1,-1
283365,202
-1,-1
-1,-1
-1,-1
-1,-1
-1,-1
-1,-1
-1,-1
-1,-1
-1,-1
-1,-1
338568,21
-1,-1
105067,391
-1,-1
-1,-1
-1,-1
-1,-1
-1,-1
-1,-1
347864,27
-1,-1
-1,-1
-1,-1
-1,-1
-1,-1
-1,-1
-1,-1
-1,-1
-1,-1
-1,-1
-1,-1
-1,-1
-1,-1
-1,-1
-1,-1
-1,-1
-1,-1
-1,-1
741181,6
-1,-1
-1,-1
-1,-1
-1,-1
-1,-1
-1,-1
-1,-1
-1,-1
-1,-1
-1,-1
-1,-1
-1,-1
-1,-1
-1,-1
-1,-1
-1,-1
1296284,24
-1,-1
-1,-1
