1016184,1641,28107838
1423882,75,1218906
1429887,72,899666
1308088,83,2872770
1338152,83,2891596
1486685,79,1851874
1052865,70,791577
1207303,83,2859910
822682,81,2331430
905801,76,1358584
961344,74,1146074
1201118,70,760055
1639316,65,459642
755071,76,1346164
1158724,70,739658
1489430,66,509648
1021763,66,509615
1216608,70,738460
703489,74,1172054
863713,77,1547008
791407,77,1599929
1456088,42,46165
1223818,62,349435
1406183,50,107618
-1,-1
-1,-1
-1,-1
-1,-1
-1,-1
-1,-1
818689,33
-1,-1
-1,-1
1439841,1
506156,32
-1,-1
-1,-1
-1,-1
-1,-1
143082,504
-1,-1
-1,-1
-1,-1
-1,-1
-1,-1
-1,-1
-1,-1
-1,-1
292826,202
-1,-1
-1,-1
-1,-1
-1,-1
-1,-1
-1,-1
-1,-1
-1,-1
-1,-1
-1,-1
357814,21
-1,-1
108686,391
-1,-1
-1,-1
-1,-1
-1,-1
-1,-1
-1,-1
365291,27
-1,-1
-1,-1
-1,-1
-1,-1
-1,-1
-1,-1
-1,-1
-1,-1
-1,-1
-1,-1
-1,-1
-1,-1
-1,-1
-1,-1
-1,-1
-1,-1
-1,-1
-1,-1
789323,6
-1,-1
-1,-1
-1,-1
-1,-1
-1,-1
-1,-1
-1,-1
-1,-1
-1,-1
-1,-1
-1,-1
-1,-1
-1,-1
-1,-1
-1,-1
-1,-1
-1,-1
1346908,24
-1,-1
-1,-1
