957352,1641,28107838
1353928,75,1218906
1362482,72,899666
1241327,83,2872770
1271042,83,2891596
1420983,79,1851874
991373,70,791577
1143153,83,2859910
779334,81,2331430
851842,76,1358584
918850,74,1146074
1147795,70,760055
1554629,65,459642
707545,76,1346164
1092402,70,739658
1405244,66,509648
959697,66,509615
1145972,70,738460
649345,74,1172054
820895,77,1547008
742698,77,1599929
1375036,42,46165
1154585,62,349435
1334180,50,107618
-1,-1
-1,-1
-1,-1
-1,-1
-1,-1
-1,-1
775644,33
-1,-1
-1,-1
1395058,1
480728,32
-1,-1
-1,-1
-1,-1
-1,-1
134134,504
-1,-1
-1,-1
-1,-1
-1,-1
-1,-1
-1,-1
-1,-1
278290,202
-1,-1
-1,-1
-1,-1
-1,-1
-1,-1
-1,-1
-1,-1
-1,-1
-1,-1
-1,-1
328654,21
-1,-1
103052,391
-1,-1
-1,-1
-1,-1
-1,-1
-1,-1
-1,-1
339138,27
-1,-1
-1,-1
-1,-1
-1,-1
-1,-1
-1,-1
-1,-1
-1,-1
-1,-1
-1,-1
-1,-1
-1,-1
-1,-1
-1,-1
-1,-1
-1,-1
-1,-1
-1,-1
716963,6
-1,-1
-1,-1
-1,-1
-1,-1
-1,-1
-1,-1
-1,-1
-1,-1
-1,-1
-1,-1
-1,-1
-1,-1
-1,-1
-1,-1
-1,-1
-1,-1
1268453,24
-1,-1
-1,-1
