816997,1641,28107838
1188997,75,1218906
1203317,72,899666
1090002,83,2872770
1118913,83,2891596
1266977,79,1851874
841128,70,791577
985664,83,2859910
673713,81,2331430
721693,76,1358584
807984,74,1146074
1011718,70,760055
1344503,65,459642
580140,76,1346164
928716,70,739658
1183091,66,509648
806064,66,509615
974397,70,738460
521015,74,1172054
721936,77,1547008
621176,77,1599929
1176308,42,46165
989008,62,349435
1153737,50,107618
-1,-1
-1,-1
-1,-1
-1,-1
-1,-1
-1,-1
668134,33
-1,-1
-1,-1
1284310,1
420701,32
-1,-1
-1,-1
-1,-1
-1,-1
109588,504
-1,-1
-1,-1
-1,-1
-1,-1
239907,202
-1,-1
-1,-1
-1,-1
-1,-1
-1,-1
-1,-1
-1,-1
-1,-1
-1,-1
-1,-1
240580,21
-1,-1
89304,391
-1,-1
-1,-1
-1,-1
-1,-1
-1,-1
-1,-1
276531,27
-1,-1
-1,-1
-1,-1
-1,-1
-1,-1
-1,-1
-1,-1
-1,-1
-1,-1
-1,-1
-1,-1
-1,-1
-1,-1
-1,-1
-1,-1
509955,6
-1,-1
-1,-1
-1,-1
-1,-1
-1,-1
-1,-1
-1,-1
-1,-1
-1,-1
-1,-1
-1,-1
-1,-1
-1,-1
-1,-1
-1,-1
1054100,24
-1,-1
-1,-1
