1138499,1666,42965406
1437355,78,1629329
1319811,77,1550672
1500758,84,2974804
1544025,83,2914770
1619533,80,2015891
1399906,70,744836
1884820,75,1333855
952393,80,2169951
897365,78,1774093
1026553,75,1271437
597586,83,2776781
173823,99,13197454
1467975,68,660591
1465657,66,509688
1712562,66,525908
1139753,68,635861
1523189,67,593767
1412517,60,299242
1557791,63,385475
1165227,71,862539
1684561,42,47252
303329,87,4029450
1881858,45,61760
-1,1,0
-1,0
-1,0
-1,0
-1,0
-1,0
-1,0
-1,0
1650292,6
-1,0
1942324,1
1389616,2
1061896,3
-1,0
-1,0
-1,422
-1,2500
-1,0
-1,1
-1,0
-1,101
-1,0
-1,0
240756,10
-1,0
-1,0
523269,105
399869,5
-1,0
-1,0
-1,0
-1,0
-1,0
-1,0
-1,0
-1,0
-1,0
-1,0
-1,0
-1,0
-1,0
33601,62
-1,0
-1,0
-1,0
-1,0
-1,0
815676,5
-1,0
-1,0
-1,0
-1,0
-1,0
39502,307
-1,0
-1,0
-1,0
-1,0
434267,5
-1,0
-1,0
-1,0
395342,19
-1,0
-1,0
-1,0
-1,0
89612,246
-1,0
-1,0
-1,0
-1,0
-1,2
-1,0
-1,0
-1,0
-1,0
-1,0
-1,0
-1,0
-1,1
-1,0
-1,0
-1,0
-1,0
165222,586
-1,0
-1,0
-1,0
