521626,1838,65989389
539839,90,5631506
576000,87,4364856
713456,93,7483270
680727,94,8571299
958595,86,3738918
845156,71,827503
766735,90,5355652
1124431,71,825720
940451,73,998851
1094647,70,737686
263629,91,5902838
675318,82,2643244
756964,73,1084742
710312,72,923613
521652,78,1721235
453739,78,1691583
305607,80,2120237
470312,76,1381124
698476,79,1818023
409123,88,4467679
610611,64,411804
307965,82,2488327
677601,70,799679
-1,-1
-1,-1
-1,-1
-1,-1
-1,-1
-1,-1
-1,-1
-1,-1
-1,-1
1305320,1
-1,-1
-1,-1
-1,-1
-1,-1
-1,-1
-1,-1
304759,50
-1,-1
-1,-1
-1,-1
692696,26
227903,5
-1,-1
-1,-1
-1,-1
165178,47
-1,-1
-1,-1
221093,11
-1,-1
-1,-1
337300,10
336846,11
471366,11
328853,13
143176,25
-1,-1
318375,33
337132,25
-1,-1
497226,9
-1,-1
484292,25
-1,-1
-1,-1
161264,40
-1,-1
-1,-1
-1,-1
-1,-1
267507,5
-1,-1
227264,25
-1,-1
-1,-1
-1,-1
516706,12
-1,-1
117792,71
-1,-1
-1,-1
-1,-1
-1,-1
-1,-1
-1,-1
-1,-1
-1,-1
138975,7
-1,-1
-1,-1
-1,-1
-1,-1
632952,122
164397,27
-1,-1
