689868,1898,101390699
500348,99,13034450
541782,94,8328009
753475,99,13034878
561704,99,16436746
754833,96,10306514
1204585,71,833343
1055192,90,5475771
1490008,71,836295
626436,85,3270269
1452329,70,737686
357250,91,5914469
934627,82,2643520
680254,81,2198234
1022775,72,932650
727361,80,2156465
672403,78,1695555
484767,80,2132688
737308,76,1385618
930797,79,1818023
616221,88,4517110
916963,64,412444
482297,82,2490283
1008665,70,799679
-1,1,0
-1,0
-1,0
-1,0
-1,0
-1,0
-1,0
-1,0
-1,1
-1,0
-1,0
1594667,1
-1,0
-1,0
-1,0
-1,492
-1,2500
-1,0
616539,50
-1,0
-1,140
-1,0
-1,0
-1,0
-1,0
-1,0
938211,26
-1,0
333532,5
-1,0
-1,0
-1,0
213867,51
-1,0
-1,0
338754,11
-1,0
-1,0
536415,10
457721,11
681792,11
442364,13
201005,25
-1,0
-1,0
403080,33
465340,25
-1,0
723292,9
-1,0
606354,25
-1,0
-1,0
240467,40
-1,0
-1,0
-1,0
-1,3
-1,0
367674,5
-1,0
357004,25
-1,0
-1,0
-1,0
-1,1
-1,0
-1,0
950320,12
-1,1
202702,102
-1,0
-1,0
-1,0
-1,0
-1,1
-1,0
-1,0
-1,2
-1,1
-1,0
190433,7
-1,0
-1,0
-1,0
746275,15
851616,122
-1,0
261232,27
-1,3
