476643,1831,62923657
494368,90,5631506
528345,87,4364856
668164,93,7232709
622099,94,8559851
885367,86,3726179
761151,71,827503
692253,90,5354172
1037406,71,825720
848339,73,998851
1020973,70,737686
349582,85,3363288
615773,82,2643244
675902,73,1084742
637583,72,923613
444104,78,1720815
405836,78,1691012
316540,79,1889398
410358,76,1381124
648818,79,1818023
361649,88,4449647
541218,64,411804
273846,82,2488255
609410,70,799659
-1,-1
-1,-1
-1,-1
-1,-1
-1,-1
-1,-1
-1,-1
-1,-1
1252796,1
-1,-1
-1,-1
-1,-1
-1,-1
-1,-1
-1,-1
231600,50
-1,-1
-1,-1
-1,-1
-1,-1
203440,5
-1,-1
-1,-1
-1,-1
153127,47
-1,-1
-1,-1
-1,-1
-1,-1
-1,-1
-1,-1
-1,-1
-1,-1
-1,-1
-1,-1
285639,33
-1,-1
-1,-1
449111,9
-1,-1
-1,-1
-1,-1
-1,-1
146548,40
-1,-1
-1,-1
-1,-1
-1,-1
245129,5
-1,-1
-1,-1
-1,-1
-1,-1
-1,-1
-1,-1
-1,-1
87660,71
-1,-1
-1,-1
-1,-1
-1,-1
-1,-1
-1,-1
127817,7
-1,-1
-1,-1
-1,-1
576460,122
-1,-1
-1,-1
