497861,1831,62923657
510883,90,5631506
545405,87,4364856
690283,93,7232709
645420,94,8559851
913816,86,3726179
794470,71,827503
721391,90,5354172
1069025,71,825720
886158,73,998851
1047971,70,737686
363139,85,3363288
636498,82,2643244
705118,73,1084742
664572,72,923613
465923,78,1720815
423508,78,1691012
330863,79,1889398
429547,76,1381124
667167,79,1818023
378701,88,4449647
566781,64,411804
286212,82,2488255
634462,70,799659
-1,-1
-1,-1
-1,-1
-1,-1
-1,-1
-1,-1
-1,-1
-1,-1
-1,-1
1272309,1
-1,-1
-1,-1
-1,-1
-1,-1
-1,-1
-1,-1
258266,50
-1,-1
-1,-1
-1,-1
-1,-1
212256,5
-1,-1
-1,-1
-1,-1
157629,47
-1,-1
-1,-1
-1,-1
-1,-1
-1,-1
-1,-1
-1,-1
-1,-1
-1,-1
-1,-1
-1,-1
298828,33
-1,-1
-1,-1
466499,9
-1,-1
-1,-1
-1,-1
-1,-1
152564,40
-1,-1
-1,-1
-1,-1
-1,-1
253423,5
-1,-1
-1,-1
-1,-1
-1,-1
-1,-1
-1,-1
-1,-1
99753,71
-1,-1
-1,-1
-1,-1
-1,-1
-1,-1
-1,-1
-1,-1
-1,-1
131632,7
-1,-1
-1,-1
-1,-1
-1,-1
596329,122
-1,-1
-1,-1
