699144,1863,71181885
728221,90,5649720
771384,87,4373746
960657,93,7509535
877421,95,8991684
1098293,89,4888405
1145629,71,830503
1009631,90,5436781
1436704,71,829995
595748,85,3258654
1388714,70,737686
348715,91,5905498
894693,82,2643520
643547,81,2192844
968870,72,927118
779209,78,1756330
632994,78,1694985
455864,80,2132237
694471,76,1385618
886181,79,1818023
577404,88,4516913
868235,64,412444
455970,82,2489967
947458,70,799679
-1,1,0
-1,-1
-1,-1
-1,-1
-1,-1
-1,-1
-1,-1
-1,-1
-1,-1
-1,-1
-1,-1
1542049,1
-1,-1
-1,-1
-1,-1
-1,-1
-1,-1
-1,-1
567758,50
-1,-1
-1,-1
-1,-1
-1,-1
-1,-1
-1,-1
-1,-1
895215,26
315420,5
-1,-1
-1,-1
-1,-1
204237,51
-1,-1
-1,-1
317716,11
-1,-1
-1,-1
503300,10
436797,11
645440,11
422905,13
185084,25
-1,-1
-1,-1
388794,33
443682,25
-1,-1
682372,9
-1,-1
583935,25
-1,-1
-1,-1
226406,40
-1,-1
-1,-1
-1,-1
-1,-1
-1,-1
350576,5
-1,-1
319522,25
-1,-1
-1,-1
-1,-1
-1,-1
-1,-1
-1,-1
878411,12
-1,-1
195493,83
-1,-1
-1,-1
-1,-1
-1,-1
-1,-1
-1,-1
-1,-1
-1,-1
-1,-1
-1,-1
182114,7
-1,-1
-1,-1
-1,-1
703794,15
824095,122
-1,-1
243557,27
-1,-1
