639790,1838,65989424
639940,90,5631506
679074,87,4364856
839492,93,7483270
800610,94,8571299
1097066,86,3738918
1010431,71,827503
910634,90,5355687
1301873,71,825720
1108247,73,998851
1247496,70,737686
317346,91,5902838
798587,82,2643244
898938,73,1084742
856739,72,923613
676933,78,1721235
559358,78,1691583
395716,80,2120237
594898,76,1381124
806813,79,1818023
504357,88,4467679
750185,64,411804
397486,82,2488327
822136,70,799679
-1,-1
-1,-1
-1,-1
-1,-1
-1,-1
-1,-1
-1,-1
-1,-1
-1,-1
1432594,1
-1,-1
-1,-1
-1,-1
-1,-1
-1,-1
-1,-1
449533,50
-1,-1
-1,-1
-1,-1
-1,-1
-1,-1
-1,-1
-1,-1
802774,26
277547,5
-1,-1
-1,-1
-1,-1
195143,47
-1,-1
-1,-1
281190,11
-1,-1
-1,-1
437057,10
397724,11
565629,11
386615,13
151451,25
-1,-1
365129,33
403434,25
-1,-1
599648,9
-1,-1
544977,25
-1,-1
-1,-1
198047,40
-1,-1
-1,-1
-1,-1
-1,-1
-1,-1
315490,5
-1,-1
277984,25
-1,-1
-1,-1
-1,-1
-1,-1
-1,-1
695752,12
-1,-1
167239,71
-1,-1
-1,-1
-1,-1
-1,-1
-1,-1
-1,-1
-1,-1
-1,-1
-1,-1
-1,-1
165823,7
-1,-1
-1,-1
-1,-1
-1,-1
748187,122
212991,27
-1,-1
