664961,1838,65989424
663904,90,5631506
702998,87,4364856
869893,93,7483270
829773,94,8571299
1131090,86,3738918
1048548,71,827503
944000,90,5355687
1341710,71,825720
1144013,73,998851
1281398,70,737686
329126,91,5902838
826139,82,2643244
931589,73,1084742
888344,72,923613
709185,78,1721235
581747,78,1691583
414896,80,2120237
621272,76,1381124
830734,79,1818023
525478,88,4467679
784035,64,411804
415760,82,2488327
853458,70,799679
-1,-1
-1,-1
-1,-1
-1,-1
-1,-1
-1,-1
-1,-1
-1,-1
-1,-1
1457516,1
-1,-1
-1,-1
-1,-1
-1,-1
-1,-1
-1,-1
484668,50
-1,-1
-1,-1
-1,-1
-1,-1
-1,-1
-1,-1
-1,-1
827732,26
286192,5
-1,-1
-1,-1
-1,-1
199177,47
-1,-1
-1,-1
292044,11
-1,-1
-1,-1
455426,10
409488,11
586956,11
397600,13
153051,25
-1,-1
372831,33
416849,25
-1,-1
621968,9
-1,-1
556391,25
-1,-1
-1,-1
207581,40
-1,-1
-1,-1
-1,-1
-1,-1
-1,-1
325472,5
-1,-1
291319,25
-1,-1
-1,-1
-1,-1
-1,-1
-1,-1
737472,12
-1,-1
176376,71
-1,-1
-1,-1
-1,-1
-1,-1
-1,-1
-1,-1
-1,-1
-1,-1
-1,-1
-1,-1
171220,7
-1,-1
-1,-1
-1,-1
-1,-1
770932,122
-1,-1
222531,27
-1,-1
