493022,1831,62923657
507086,90,5631506
541571,87,4364856
685430,93,7232709
639952,94,8559851
906875,86,3726179
787025,71,827503
714337,90,5354172
1061783,71,825720
879615,73,998851
1041813,70,737686
359622,85,3363288
631543,82,2643244
698089,73,1084742
658000,72,923613
460419,78,1720815
419177,78,1691012
327513,79,1889398
424830,76,1381124
663033,79,1818023
374718,88,4449647
560744,64,411804
283380,82,2488255
628581,70,799659
-1,-1
-1,-1
-1,-1
-1,-1
-1,-1
-1,-1
-1,-1
-1,-1
1268007,1
-1,-1
-1,-1
-1,-1
-1,-1
-1,-1
-1,-1
251883,50
-1,-1
-1,-1
-1,-1
-1,-1
210215,5
-1,-1
-1,-1
-1,-1
156606,47
-1,-1
-1,-1
-1,-1
-1,-1
-1,-1
-1,-1
-1,-1
-1,-1
-1,-1
-1,-1
-1,-1
295745,33
-1,-1
-1,-1
462510,9
-1,-1
-1,-1
-1,-1
-1,-1
151432,40
-1,-1
-1,-1
-1,-1
-1,-1
251562,5
-1,-1
-1,-1
-1,-1
-1,-1
-1,-1
-1,-1
-1,-1
96054,71
-1,-1
-1,-1
-1,-1
-1,-1
-1,-1
-1,-1
-1,-1
-1,-1
130759,7
-1,-1
-1,-1
-1,-1
-1,-1
591625,122
-1,-1
-1,-1
