605674,1838,65989424
610631,90,5631506
649026,87,4364856
801359,93,7483270
764545,94,8571299
1054839,86,3738918
962534,71,827503
869965,90,5355687
1251133,71,825720
1058830,73,998851
1204388,70,737686
300572,91,5902838
763126,82,2643244
859113,73,1084742
815280,72,923613
633272,78,1721235
530401,78,1691583
370309,80,2120237
559157,76,1381124
774848,79,1818023
476830,88,4467679
707665,64,411804
373531,82,2488327
781259,70,799679
-1,-1
-1,-1
-1,-1
-1,-1
-1,-1
-1,-1
-1,-1
-1,-1
-1,-1
1397232,1
-1,-1
-1,-1
-1,-1
-1,-1
-1,-1
-1,-1
404013,50
-1,-1
-1,-1
-1,-1
-1,-1
-1,-1
-1,-1
773045,26
263573,5
-1,-1
-1,-1
-1,-1
187284,47
-1,-1
-1,-1
266119,11
-1,-1
-1,-1
411481,10
382551,11
539812,11
372345,13
149109,25
-1,-1
353898,33
384507,25
-1,-1
569834,9
-1,-1
528637,25
-1,-1
-1,-1
186334,40
-1,-1
-1,-1
-1,-1
-1,-1
-1,-1
300636,5
-1,-1
261624,25
-1,-1
-1,-1
-1,-1
-1,-1
-1,-1
646377,12
-1,-1
154119,71
-1,-1
-1,-1
-1,-1
-1,-1
-1,-1
-1,-1
-1,-1
-1,-1
-1,-1
158641,7
-1,-1
-1,-1
-1,-1
-1,-1
716085,122
199827,27
-1,-1
