678052,1838,65989424
675652,90,5631506
713999,87,4364856
885719,93,7483270
843079,94,8571299
1146701,86,3738918
1069828,71,827503
961484,90,5355687
1363261,71,825720
1164306,73,998851
1302655,70,737686
333972,91,5902838
842448,82,2643244
948951,73,1084742
904257,72,923613
725686,78,1721235
592476,78,1691583
424576,80,2120237
637982,76,1381124
842486,79,1818023
536494,88,4467679
804135,64,411804
426291,82,2488327
870899,70,799679
-1,-1
-1,-1
-1,-1
-1,-1
-1,-1
-1,-1
-1,-1
-1,-1
-1,-1
1475516,1
-1,-1
-1,-1
-1,-1
-1,-1
-1,-1
-1,-1
504850,50
-1,-1
-1,-1
-1,-1
-1,-1
-1,-1
-1,-1
-1,-1
841538,26
294223,5
-1,-1
-1,-1
-1,-1
200637,47
-1,-1
-1,-1
297678,11
-1,-1
-1,-1
465898,10
415317,11
597698,11
403014,13
162377,25
-1,-1
-1,-1
376067,33
423048,25
-1,-1
633489,9
-1,-1
562592,25
-1,-1
-1,-1
211774,40
-1,-1
-1,-1
-1,-1
-1,-1
-1,-1
332486,5
-1,-1
297906,25
-1,-1
-1,-1
-1,-1
-1,-1
-1,-1
770303,12
-1,-1
180935,71
-1,-1
-1,-1
-1,-1
-1,-1
-1,-1
-1,-1
-1,-1
-1,-1
-1,-1
-1,-1
173668,7
-1,-1
-1,-1
-1,-1
-1,-1
783781,122
-1,-1
227071,27
-1,-1
