182018,2107,250493322
171108,99,15541225
151915,99,14740999
90992,99,27003875
104846,99,36774985
114955,99,33075920
281720,87,4054481
115893,99,19464602
315328,99,13042583
329168,89,4936880
336813,91,6414834
278376,91,5921407
391801,93,7348025
355894,86,3800931
312876,85,3427191
504435,81,2228132
198948,90,5609713
248259,85,3260919
216256,91,6246464
34031,99,20451981
389883,91,6043230
245615,82,2470005
164156,91,6035940
492199,82,2599000
-1,-1
-1,-1
-1,-1
-1,-1
-1,-1
-1,-1
128350,423
1080740,2
626876,7
108300,142
140914,155
62953,60
43426,57
-1,-1
-1,-1
58612,1398
115470,211
-1,-1
47218,560
47010,1303
39273,90
-1,-1
265918,211
105818,12
-1,-1
-1,-1
108435,596
138061,98
-1,-1
80091,57
253253,11
88658,180
213205,6
270118,25
118017,236
199659,203
120374,230
75171,25
41602,240
98951,413
181547,130
21606,647
164151,59
50752,261
264697,113
55295,3114
15991,782
144081,66
82990,38
43702,5
18785,1230
-1,-1
-1,-1
285783,5
24259,347
33706,304
-1,-1
78177,107
48964,53
-1,-1
-1,-1
89534,187
177326,15
53267,410
18458,284
-1,-1
-1,-1
-1,-1
221318,84
28398,137
-1,-1
-1,-1
66058,15
19510,929
127611,42
-1,-1
145154,541
334522,334
138567,61
110219,1006
