184036,2094,234187341
183165,99,14917675
170019,99,14167771
92525,99,25501735
110637,99,34481859
127027,99,29725241
269729,87,3999842
120398,99,18501776
374562,98,12539659
317754,88,4745862
324541,91,6381552
275397,91,5904960
511519,88,4678800
374982,85,3322704
311455,85,3287964
473582,81,2211102
206384,90,5427993
251054,83,2931327
207025,91,6157169
33188,99,19727947
394151,90,5476646
235346,82,2456776
180648,89,5063525
467699,82,2577456
-1,-1
-1,-1
-1,-1
-1,-1
-1,-1
-1,-1
121888,420
1034887,2
605309,7
104053,142
133795,155
58789,60
42079,54
-1,-1
-1,-1
59719,1398
104202,211
-1,-1
68430,382
44236,1303
-1,-1
257002,209
99998,12
-1,-1
-1,-1
109673,546
137600,90
-1,-1
76916,57
237525,11
83407,180
206728,6
254562,25
113351,235
190897,203
116186,228
72733,25
77980,44
94885,413
173065,130
20093,647
155210,59
48551,261
257752,113
56994,2996
15776,748
135880,66
-1,-1
40629,5
17664,1230
-1,-1
-1,-1
274646,5
20112,346
31522,304
-1,-1
-1,-1
62641,47
-1,-1
-1,-1
82476,187
165773,15
49039,405
-1,-1
-1,-1
-1,-1
-1,-1
211034,84
27197,135
-1,-1
-1,-1
62871,15
16574,929
121939,42
-1,-1
142917,541
433602,228
128481,61
122108,874
