184730,2205,319056198
144064,99,18227630
114744,99,17325254
72038,99,43513002
94722,99,48140908
115163,99,41566547
365523,87,4307337
101675,99,25270223
142462,99,13923724
442544,89,5267377
399242,92,6751489
346898,91,5928806
466432,95,8991513
421926,88,4500654
361891,86,3768946
551659,84,3136884
223424,92,6815787
307743,85,3413035
279386,91,6405440
25902,99,27363363
451234,93,7643252
290297,84,3007391
224247,91,6052322
174232,92,6666953
208340,73,1068361
-1,0
-1,0
-1,0
-1,0
-1,0
-1,0
-1,0
170896,437
1361335,2
757375,7
138394,142
179702,155
91018,60
49774,71
-1,0
-1,2500
73290,1398
191333,219
-1,0
70079,595
37826,880
58379,1303
20979,168
8105,2282
-1,0
317773,212
14968,1573
144632,12
-1,0
264514,9
141414,602
147127,119
-1,0
94047,60
312933,14
109674,180
244813,6
272149,31
97245,348
216672,237
97588,345
130103,25
-1,1
83658,240
110737,437
182953,185
25767,753
215809,60
46169,316
200784,196
58270,3330
14724,972
46996,337
275947,44
63734,5
24061,1230
-1,3
-1,1
355072,5
35997,402
65596,304
-1,1
143838,107
-1,0
63924,53
-1,0
-1,0
135322,187
233872,15
73586,425
-1,0
28023,404
123985,195
-1,3
-1,0
-1,0
274320,84
34086,139
-1,1
-1,0
81060,15
36624,991
148971,42
-1,0
102722,892
377528,390
109550,44
182165,61
126464,1040
