197268,2129,306332916
135354,99,18105067
104999,99,17252719
71455,99,39292665
88961,99,46049748
108606,99,39762487
327810,87,4290077
89283,99,24829466
130330,99,13923603
392974,89,5058994
368907,92,6747212
319874,91,5927577
429530,95,8971213
398482,87,4161304
369895,85,3484291
495428,84,3078832
201869,92,6744440
279681,85,3413001
256883,91,6394580
25143,99,25983824
408490,93,7482301
279328,83,2752969
204642,91,6046082
155163,92,6580464
-1,-1
-1,-1
-1,-1
-1,-1
-1,-1
-1,-1
153696,431
1247852,2
703493,7
125573,142
164984,155
80200,60
48360,65
-1,-1
-1,-1
71690,1398
164468,219
-1,-1
55430,576
31506,880
53859,1303
15247,168
9022,1812
-1,-1
299120,212
128993,12
-1,-1
-1,-1
127171,602
138490,119
-1,-1
87523,60
285073,14
103316,180
234609,6
273651,28
91818,348
199834,237
92457,345
101637,25
-1,-1
65956,240
110681,413
172111,185
26436,653
193981,60
43352,316
243544,144
54763,3330
14258,942
41755,337
200677,44
55887,5
22258,1230
-1,-1
-1,-1
330321,5
37238,347
53816,304
-1,-1
125434,107
58968,53
-1,-1
-1,-1
116720,187
211369,15
64306,425
-1,-1
23711,404
77612,195
-1,-1
-1,-1
-1,-1
254480,84
32072,139
-1,-1
-1,-1
75625,15
30796,991
141438,42
-1,-1
96293,892
354106,390
74527,44
165619,61
119462,1040
