182944,2124,271462432
152050,99,16766280
122651,99,15999626
96321,99,29023999
104227,99,39383085
117814,99,34893808
301593,87,4181310
98569,99,21944914
307805,99,13056594
358352,89,5058694
357643,91,6423506
298090,91,5927577
393402,95,8970909
384019,86,3858817
339813,85,3476098
445311,84,3078337
206480,91,5921513
253279,85,3409203
235089,91,6322265
33514,99,22208626
399038,92,6699171
255629,83,2677067
183832,91,6039791
143067,91,6141242
-1,-1
-1,-1
-1,-1
-1,-1
-1,-1
-1,-1
139608,427
1153890,2
662382,7
115524,142
152458,155
70905,60
45774,61
-1,-1
-1,-1
65099,1398
131383,219
-1,-1
-1,-1
36037,731
50399,1303
59861,29
49170,450
-1,-1
281595,211
117002,12
-1,-1
-1,-1
117067,596
133528,119
-1,-1
82702,60
263487,14
96329,180
223738,6
292630,25
114347,262
192384,229
115452,258
79358,25
50845,240
105367,413
195525,130
23880,647
177910,60
41060,316
249110,132
59702,3114
15358,855
158875,66
136131,42
49578,5
20920,1230
-1,-1
-1,-1
307173,5
30807,347
43674,304
-1,-1
96591,107
53860,53
-1,-1
-1,-1
101870,187
194677,15
57568,425
-1,-1
19333,394
91290,38
-1,-1
-1,-1
-1,-1
237554,84
29838,139
-1,-1
-1,-1
70940,15
25125,929
134530,42
-1,-1
141953,596
328413,390
152414,61
115313,1018
