186326,2109,260805555
155866,99,16279558
129396,99,15505143
91361,99,28048364
100133,99,38477985
111399,99,34485431
285794,87,4148129
106807,99,20466165
310169,99,13047814
335583,89,5029664
343033,91,6423506
282988,91,5927577
373487,95,8923318
363760,86,3841865
321987,85,3431586
521357,81,2237620
204774,90,5652065
239588,85,3369094
222924,91,6272153
31650,99,21667860
385601,91,6452685
252411,82,2470005
170331,91,6037844
505864,82,2610124
-1,-1
-1,-1
-1,-1
-1,-1
-1,-1
-1,-1
131409,426
1103981,2
638416,7
110522,142
144785,155
65739,60
43155,60
-1,-1
-1,-1
61543,1398
121813,211
-1,-1
49236,560
48052,1303
44512,17
44550,284
-1,-1
271098,211
109436,12
-1,-1
-1,-1
111434,596
133998,109
-1,-1
79372,60
249500,14
91072,180
216716,6
277310,25
110225,262
184298,229
111535,258
76557,25
44549,240
101232,413
186006,130
22335,647
169221,59
39641,316
268610,113
56816,3114
14412,855
148739,66
105667,38
45736,5
19524,1230
-1,-1
-1,-1
292318,5
26430,347
37024,304
-1,-1
84190,107
50663,53
-1,-1
-1,-1
93343,187
183125,15
52693,425
-1,-1
16559,394
-1,-1
-1,-1
-1,-1
226784,84
29033,137
-1,-1
-1,-1
67809,15
21134,929
129945,42
-1,-1
134945,596
311136,390
143360,61
110748,1016
