177697,2205,318074541
141954,99,18226293
112697,99,17323918
71656,99,42782810
93060,99,47896776
112669,99,41566547
359580,87,4307337
98592,99,25266839
140461,99,13923724
435010,89,5267077
395485,92,6751489
343107,91,5928806
461519,95,8991513
416014,88,4500654
357687,86,3768946
541781,84,3136884
219579,92,6815787
303959,85,3413035
276203,91,6405440
25035,99,27363363
443784,93,7643252
286434,84,3007391
220986,91,6051346
171081,92,6666953
188456,73,1068361
-1,0
-1,0
-1,0
-1,0
-1,0
-1,0
-1,0
167107,437
1341038,2
746122,7
136317,142
177049,155
89061,60
48697,71
-1,0
-1,2500
72708,1398
187353,219
-1,0
67756,591
36590,880
57478,1303
19920,168
7729,2282
-1,0
314216,212
142324,12
-1,0
259397,9
138647,602
145386,119
-1,0
92636,60
307363,14
108229,180
242722,6
268432,31
96290,348
213862,237
96674,345
125462,25
-1,1
80001,240
109561,437
180754,185
24922,753
211837,60
45635,316
199051,196
57657,3330
14535,972
45977,337
263425,44
62285,5
23586,1230
-1,3
-1,1
350371,5
34896,402
62073,304
-1,1
141267,107
-1,0
62943,53
-1,0
-1,0
132934,187
230245,15
71859,425
-1,0
27104,404
116730,195
-1,3
-1,0
-1,0
270407,84
33682,139
-1,1
-1,0
80088,15
35404,991
147291,42
-1,0
101523,892
375312,390
102358,44
179162,61
125080,1040
