180511,2118,266030225
154820,99,16433002
127302,99,15661589
92615,99,28428842
100939,99,38888291
113029,99,34747728
290216,87,4181310
102906,99,21015763
297392,99,13056594
342183,89,5051638
347563,91,6423506
287858,91,5927577
379700,95,8970541
370009,86,3854217
327939,85,3441078
529629,81,2264865
197834,91,5903759
246053,85,3369172
227822,91,6280772
32114,99,21915224
383608,92,6697542
251816,82,2559581
174488,91,6039311
164916,89,4918323
-1,-1
-1,-1
-1,-1
-1,-1
-1,-1
-1,-1
133831,427
1120333,2
646633,7
112077,142
147343,155
67401,60
43456,61
-1,-1
-1,-1
64347,1398
120379,219
-1,-1
34525,731
48921,1303
43088,29
52124,286
-1,-1
274435,211
112088,12
-1,-1
-1,-1
113118,596
132995,114
-1,-1
80406,60
254094,14
92588,180
218886,6
282194,25
111585,262
186862,229
112841,258
77491,25
46504,240
102495,413
188707,130
22809,647
170860,60
40055,316
244597,132
57740,3114
14698,855
152004,66
111943,42
46990,5
19963,1230
-1,-1
-1,-1
296844,5
27824,347
39055,304
-1,-1
87854,107
51713,53
-1,-1
-1,-1
96228,187
187040,15
54226,425
-1,-1
17392,394
-1,-1
-1,-1
-1,-1
230039,84
28777,139
-1,-1
-1,-1
68743,15
22372,929
131310,42
-1,-1
136904,596
317270,390
146288,61
111977,1018
