165989,2094,232455869
168328,99,14916799
156379,99,14167771
81782,99,25501735
99923,99,34149628
120141,99,28798627
246769,87,3998927
106047,99,18402854
354133,98,12273908
291164,88,4745862
303742,91,6360398
256410,91,5904960
477573,88,4678800
344670,85,3319904
287166,85,3278901
424626,81,2211102
196463,90,5390018
224883,83,2931322
188846,91,6157169
30060,99,19717503
364353,90,5451924
217573,82,2456776
159573,89,5063525
432251,82,2577456
-1,-1
-1,-1
-1,-1
-1,-1
-1,-1
-1,-1
112139,420
970944,2
574602,7
97937,142
125543,155
53666,60
37796,54
-1,-1
-1,-1
51723,1398
87454,211
64864,382
40529,1303
-1,-1
243122,209
91523,12
-1,-1
-1,-1
101655,546
128561,90
-1,-1
71995,57
214131,11
75987,180
194004,6
235406,25
107713,235
179955,203
110587,228
68919,25
55759,44
87131,413
160049,130
18214,647
142281,59
45604,261
248367,113
52659,2996
14865,734
126948,66
37356,5
14772,1230
-1,-1
-1,-1
258356,5
25471,223
28284,304
-1,-1
57866,47
-1,-1
71785,187
147754,15
41204,405
-1,-1
-1,-1
-1,-1
-1,-1
198267,84
24237,135
-1,-1
-1,-1
59093,15
11101,929
114010,42
-1,-1
133450,541
404550,228
117847,61
116539,874
