150598,2144,204491114
592955,91,5917683
466643,92,7053480
401126,99,13541022
320527,99,20642932
187554,99,24626881
234508,90,5548229
287803,99,14090313
460065,93,7924494
263698,92,6969597
349106,91,6289716
211356,93,7536612
458869,91,5904205
283686,90,5791706
194437,90,5354358
155360,96,9781140
199870,90,5770215
149677,90,5462713
178808,95,8813750
303026,94,8194929
348341,93,7778555
119783,92,6615595
119553,96,10038628
164346,89,4844361
-1,-1
-1,-1
-1,-1
-1,-1
-1,-1
-1,-1
14248,1769
14180,314
5297,729
35510,386
70469,251
122378,36
49367,53
77789,929
20218,2625
115919,605
16259,650
-1,-1
104989,246
-1,-1
22307,54
103762,10
-1,-1
217093,269
8987,105
-1,-1
45204,223
-1,-1
90302,215
67462,6
44038,127
230378,20
267156,11
-1,-1
209346,34
140753,195
328477,99
125829,224
11336,66
-1,-1
15910,1479
57971,678
83164,216
282605,36
48404,272
514879,26
199422,1349
-1,-1
160089,58
204105,10
48759,5
174585,6
-1,-1
-1,-1
235396,6
167197,11
176423,45
-1,-1
114700,75
295250,18
-1,-1
-1,-1
104362,174
180823,16
67356,358
16711,111
-1,-1
-1,-1
-1,-1
-1,-1
159755,299
115003,44
125798,7
89093,1
85410,13
-1,-1
104745,68
73621,77
506990,50
1012375,62
19874,500
192384,502
