116388,2269,300081154
432130,99,13064400
369955,99,13080419
276562,99,17587655
178306,99,33563373
104360,99,43354499
236106,94,8150606
230682,99,17241489
500513,95,9185913
289905,96,9752565
353630,94,8150811
231192,95,8771574
485101,94,7953866
270548,94,8609175
226347,90,5533862
190887,98,11832627
193161,94,8056634
137793,95,8974362
124170,99,13360853
292768,96,10231310
356302,98,12204269
144141,93,7505194
150301,96,10644464
109557,99,13096057
284920,55,175177
-1,0
-1,0
-1,0
-1,0
-1,0
-1,0
-1,0
13473,2315
17209,425
4879,1017
35300,434
61015,308
100873,54
44210,77
56053,1263
76949,2625
132542,605
24929,716
195088,678
15565,865
147608,246
97366,825
31060,121
208217,10
-1,1
225625,297
14869,105
-1,0
49493,305
301105,94
78640,298
71234,15
50909,127
281577,20
305403,11
-1,0
247563,34
160520,195
393778,99
142088,224
30039,66
-1,3
150919,51
16137,1549
62142,757
109847,216
194477,64
55172,272
564430,28
227010,1349
-1,1
113175,140
120823,150
28958,10
209906,6
-1,0
-1,0
278545,6
99118,142
228761,45
-1,4
113215,137
-1,0
341531,18
-1,0
-1,1
107850,217
177384,22
83725,379
21492,252
94061,8
198861,86
-1,4
86156,24
-1,1
186331,299
50310,112
52048,153
92554,1
98351,13
-1,1
117163,68
93203,77
591091,50
1067571,75
94338,53
24584,531
131875,1000
