99205,2282,320630390
430432,99,13099402
342327,99,13216655
259877,99,18904991
164820,99,36113747
92443,99,48212811
244687,94,8254246
213749,99,18258609
510380,95,9301382
301803,96,9759821
355446,94,8376982
236292,95,8798344
434898,97,11230072
182358,99,13117830
232509,90,5535165
194934,98,12138870
198817,94,8169277
138330,95,9670258
95684,99,13777029
299932,96,10372498
368826,98,12515769
145221,93,7758266
155802,96,10657656
113889,99,13098388
320088,60,292322
-1,0
-1,0
-1,0
-1,0
-1,0
-1,0
-1,0
13379,2388
17951,453
5180,1031
35085,440
60252,317
88628,63
42398,84
55038,1295
88679,2625
134234,605
25212,716
90980,28995
16172,888
157977,246
100777,825
34912,121
225653,10
-1,1
231245,297
117600,333
15035,105
-1,0
53258,305
314321,94
76274,318
75782,15
52704,127
293560,20
313253,11
-1,0
255464,34
164727,195
406768,99
145455,224
18239,98
-1,3
165270,51
16540,1549
63950,757
117688,216
199161,65
56773,272
576906,28
232082,1349
-1,1
118150,140
139211,150
30525,10
219506,6
-1,0
-1,0
286814,6
26743,495
252554,45
-1,4
115567,137
-1,0
351446,18
-1,0
-1,1
112110,217
183389,22
88346,379
25943,252
100463,8
225466,86
-1,4
90621,24
-1,1
192127,299
50889,113
48254,180
93604,1
101005,13
-1,1
120300,68
96600,77
609749,50
1083460,75
111299,53
25315,537
133669,1001
