91844,2310,339178108
400331,99,13258852
345966,99,13254313
226894,99,21349261
152197,99,38762487
81870,99,53293270
249712,94,8514340
211438,99,18769472
515179,96,9715132
311544,96,9971412
359983,94,8535969
233477,95,9369573
446533,97,11230424
170727,99,13173962
235182,90,5636659
202622,98,12397690
199098,94,8729300
143479,96,9688604
97887,99,13788725
271857,97,11762467
286569,99,13322638
150801,93,7812299
161648,97,10707025
53965,99,13278920
189941,83,2855314
-1,0
-1,0
-1,0
-1,0
-1,0
-1,0
-1,0
13328,2463
18718,472
5533,1037
35635,443
49352,355
83037,69
42585,87
53937,1324
101546,2625
136290,605
26878,716
65397,34423
14505,936
99658,480
104128,825
37843,121
169658,184
-1,1
236086,298
138480,333
14347,105
-1,0
56817,305
325485,94
76738,322
79085,15
54049,127
302801,20
320040,11
-1,0
262223,34
156565,214
384282,117
138856,243
20009,98
-1,3
178667,51
16852,1549
58518,867
123966,216
179654,72
57937,272
586630,28
236489,1349
-1,1
86065,208
156080,150
29402,11
-1,0
226275,6
-1,0
-1,0
293454,6
28477,495
270136,45
-1,4
116736,137
-1,0
352186,19
-1,1
-1,1
92211,255
187905,22
92273,379
29112,252
106773,8
247099,86
-1,4
94350,24
-1,1
196892,299
52017,113
48979,190
94443,1
103038,13
-1,1
122608,68
99277,77
625679,50
1102209,75
123487,53
24288,571
136207,1001
