152277,2127,185156155
646881,89,4969942
459896,92,6546686
562158,98,12552524
363996,99,17865859
227009,99,20242972
246928,89,5174376
420207,98,12013758
442829,93,7489968
244251,92,6878421
331038,91,6270881
222993,92,6651419
450999,90,5491170
269454,90,5566185
183617,89,5326192
142462,95,9173122
188954,90,5597509
162361,88,4424865
175811,93,7680147
293779,93,7701078
328294,93,7510498
124189,90,5734747
109427,96,9779760
151282,88,4514076
-1,-1
-1,-1
-1,-1
-1,-1
-1,-1
-1,-1
30614,1071
12856,291
29452,198
46711,298
83754,215
121236,33
63281,36
84262,820
13949,2625
111175,605
18266,558
-1,-1
124488,149
-1,-1
-1,-1
204537,269
7902,105
-1,-1
35361,223
-1,-1
88557,204
59522,6
-1,-1
210532,20
249703,11
-1,-1
195000,34
132692,195
308618,99
118882,224
10586,66
-1,-1
151878,232
53683,678
76357,216
262769,36
45773,272
492414,26
228963,1058
-1,-1
146884,58
-1,-1
55741,4
158427,6
-1,-1
-1,-1
221186,6
143049,11
161190,45
-1,-1
90510,75
277387,18
-1,-1
-1,-1
143737,124
165410,16
64255,334
-1,-1
-1,-1
-1,-1
-1,-1
187173,160
106529,43
111966,6
89611,1
90061,12
-1,-1
98513,68
64150,77
481609,50
1032701,50
20629,434
183575,502
