118992,2270,302850236
435412,99,13064400
359382,99,13115258
266869,99,18086749
175596,99,34083604
101826,99,44277601
238950,94,8150606
230401,99,17331704
503258,95,9186783
292171,96,9752565
352363,94,8230706
231198,95,8796813
486734,94,7953866
272483,94,8633565
227992,90,5533862
190390,98,11936470
195150,94,8057574
136282,95,9328322
123349,99,13361180
295675,96,10231310
359167,98,12300770
143501,93,7505194
151605,96,10644464
110947,99,13096447
301800,56,190423
-1,0
-1,0
-1,0
-1,0
-1,0
-1,0
-1,0
13293,2323
17409,430
4949,1019
34949,434
61745,308
100211,55
44699,77
54120,1295
79499,2625
132947,605
24457,716
198489,678
16104,865
150100,246
98119,825
31843,121
212687,10
-1,1
226864,297
14608,105
-1,0
50189,305
304378,94
79037,298
72345,15
51364,127
284353,20
307228,11
-1,0
249296,34
161543,195
397081,99
142935,224
31022,66
-1,3
154229,51
16204,1549
62579,757
111818,216
196425,64
55565,272
567490,28
228223,1349
-1,1
114392,140
125279,150
29276,10
212202,6
-1,0
-1,0
280493,6
100723,142
231272,45
-1,4
112429,137
-1,0
343937,18
-1,0
-1,1
108533,217
178853,22
84793,379
22578,252
95584,8
205797,86
-1,4
87156,24
-1,1
187748,299
49887,113
46941,175
92772,1
99005,13
-1,1
117771,68
93798,77
595370,50
1069947,75
98553,53
24763,531
132545,1000
