128044,2197,272479965
478590,97,11222774
424044,97,10716608
311105,99,15769572
211114,99,29298115
123296,99,36985605
233304,92,7040246
230047,99,16592835
486941,95,8847833
265297,96,9684928
339240,93,7885044
229593,94,8070307
455602,94,7949940
255820,94,8528210
209305,90,5528805
179601,97,11053586
198046,92,7086642
167527,91,5972336
181189,99,13034433
274823,96,10223310
349153,96,10500306
137362,93,7222459
143301,96,10194925
102866,99,13071146
-1,-1
-1,-1
-1,-1
-1,-1
-1,-1
-1,-1
12328,2233
16616,383
4293,1013
34543,418
59554,302
110153,47
45517,70
59707,1203
56382,2625
129776,605
22668,682
173504,678
13325,835
134149,246
92486,825
25284,121
182207,10
-1,-1
218191,297
11786,105
-1,-1
59638,223
283599,94
77294,291
66877,14
48676,127
265395,20
295472,11
-1,-1
235972,34
154519,195
371687,99
137261,224
23078,66
-1,-1
133211,51
15568,1549
59640,757
98868,216
222951,54
53085,272
547302,28
219265,1349
-1,-1
106216,140
90610,150
31509,9
199792,6
-1,-1
-1,-1
266742,6
90567,142
213512,45
-1,-1
100288,137
328008,18
-1,-1
-1,-1
130456,174
167421,22
76497,379
15977,252
86170,8
150471,86
-1,-1
80966,24
-1,-1
178339,299
103353,61
76947,77
91303,1
94478,13
-1,-1
113810,68
86081,77
565017,50
1024709,75
73425,53
22336,531
189916,609
