273865,1978,95575756
825023,81,2193534
764062,80,2114405
800828,90,5500725
681098,93,7611786
503742,96,9858007
471395,77,1526661
684371,90,5584918
599920,83,2898335
277971,87,4336749
559060,81,2197355
397145,84,2954915
448112,88,4507348
314762,85,3270078
277139,84,2997312
166968,89,5116021
280487,83,2881647
214612,83,2697102
155090,92,6640806
521189,83,2903968
377340,87,4265007
155308,86,3604638
106288,92,6886200
219876,84,3028239
-1,-1
-1,-1
-1,-1
-1,-1
-1,-1
66272,570
38965,75
40524,117
48256,255
191144,102
185553,16
178098,5
132180,569
7613,2625
102709,515
18373,397
-1,-1
-1,-1
-1,-1
197471,242
212004,5
-1,-1
34677,70
-1,-1
200344,13
-1,-1
-1,-1
163510,17
-1,-1
-1,-1
163630,34
296235,12
417031,13
222772,57
48007,38
243787,64
70379,389
119324,98
298597,23
39329,272
433465,26
-1,-1
-1,-1
-1,-1
151050,1
112213,6
-1,-1
-1,-1
192574,6
-1,-1
132448,45
-1,-1
-1,-1
-1,-1
104822,124
133249,12
52906,247
-1,-1
-1,-1
-1,-1
78096,40
-1,-1
-1,-1
-1,-1
83150,68
42544,77
-1,-1
881462,50
60244,146
-1,-1
