130920,2191,265264371
483309,97,10756589
432928,96,9980158
307870,99,15741566
216019,99,28671613
124367,99,36357595
230657,92,6974767
228654,99,16537436
483707,95,8831733
266736,95,9212729
360495,92,6944673
227265,94,8070307
450676,94,7949204
252802,94,8528210
206489,90,5528805
177214,97,11053571
195524,92,7064774
165120,91,5971382
191796,96,10332260
275789,96,10086030
348421,96,10206512
136610,93,7222450
141772,96,10194621
119365,99,13047386
-1,-1
-1,-1
-1,-1
-1,-1
-1,-1
-1,-1
12344,2199
17097,362
4210,1010
34293,416
61477,297
113707,45
45238,69
59097,1203
53921,2625
130326,605
22134,682
168126,678
13226,829
130856,246
103158,722
23945,121
176193,10
-1,-1
216601,297
11582,105
-1,-1
58605,223
279673,94
78454,284
65993,14
48252,127
262063,20
293672,11
-1,-1
233466,34
153199,195
366240,99
136164,224
21052,66
-1,-1
129725,51
15511,1549
59174,757
96453,216
225240,53
52662,272
543860,28
217760,1349
-1,-1
104762,140
84743,150
35289,8
197906,6
-1,-1
-1,-1
264162,6
88804,142
210295,45
-1,-1
98320,137
325156,18
-1,-1
-1,-1
127788,174
165250,22
75332,379
15694,252
84475,8
138662,86
-1,-1
79991,24
-1,-1
176637,299
102500,61
75692,77
90978,1
93678,13
-1,-1
113213,68
84928,77
559793,50
1015988,75
70422,53
22053,531
188910,609
