273355,1979,96480899
825909,81,2194083
764563,80,2115874
800587,90,5508881
676210,93,7717155
495439,96,10111634
451989,77,1589718
682304,90,5632697
591531,84,3004310
278721,87,4337309
559852,81,2197355
391400,84,3008530
448914,88,4507348
308199,85,3312528
277316,84,3003146
167166,89,5131579
280914,83,2886231
215075,83,2697102
154923,92,6658093
518616,83,2946468
377983,87,4269090
143841,86,3734189
106537,92,6888440
220107,84,3029139
-1,-1
-1,-1
-1,-1
-1,-1
-1,-1
65706,574
39093,75
39579,120
48328,255
189573,103
185849,16
178214,5
132787,569
7650,2625
102912,515
18462,397
-1,-1
-1,-1
-1,-1
197871,242
212408,5
-1,-1
35220,70
-1,-1
200954,13
-1,-1
-1,-1
164302,17
-1,-1
-1,-1
164054,34
297282,12
418292,13
223218,57
48058,38
244222,64
70535,389
119599,98
299118,23
39424,272
434343,26
-1,-1
-1,-1
-1,-1
151090,1
112756,6
-1,-1
-1,-1
192920,6
-1,-1
132741,45
-1,-1
-1,-1
-1,-1
105242,124
130942,13
52208,253
-1,-1
-1,-1
-1,-1
78573,40
-1,-1
-1,-1
-1,-1
83336,68
42749,77
430627,50
883181,50
60401,146
-1,-1
