481769,2005,146683334
658429,93,7439880
428740,99,13034629
707546,99,13051168
714807,99,13035018
1031341,90,5882543
551331,81,2335178
273772,99,16340177
583636,92,6757514
363026,92,6870048
176900,99,13088435
521085,85,3431215
1272250,75,1319355
890912,76,1365363
840533,75,1213440
593375,83,2833686
999322,70,794930
123828,99,13034806
498712,82,2619157
775531,83,2731790
214672,99,13838255
807323,66,514293
548935,80,2096819
410827,84,3055133
735311,5,502
-1,0
-1,0
-1,0
-1,0
-1,0
-1,0
-1,0
1334343,12
833323,5
1009400,4
1185368,3
-1,0
-1,0
-1,0
-1,498
-1,2340
-1,0
659063,43
-1,0
-1,158
-1,0
-1,0
-1,0
-1,0
-1,0
-1,1
-1,0
133072,13
-1,0
-1,0
-1,0
-1,0
-1,0
-1,1
-1,4
-1,0
-1,0
-1,1
-1,0
-1,0
-1,0
-1,0
-1,0
-1,1
-1,2
-1,1
-1,1
282263,48
-1,2
731258,10
-1,0
-1,0
-1,0
-1,0
-1,0
-1,0
-1,0
-1,0
240629,7
-1,0
-1,0
-1,1
-1,0
-1,0
-1,0
-1,0
-1,0
610123,43
-1,0
-1,0
-1,0
-1,1
308165,36
-1,1
-1,0
-1,0
-1,0
-1,0
-1,0
-1,0
-1,2
-1,1
-1,0
-1,0
535576,66
1372315,42
-1,0
-1,0
531977,12
