486696,2000,143087287
730103,91,6060887
449499,97,11776508
703138,99,13051168
746069,98,12158859
1026609,90,5882543
547583,81,2335178
271352,99,16340177
580819,92,6757514
363177,92,6787343
175750,99,13088435
518242,85,3431215
1266616,75,1319355
885971,76,1365363
835045,75,1213440
588637,83,2833686
993144,70,794930
123019,99,13034787
495426,82,2619157
771214,83,2731790
212727,99,13838255
802726,66,514293
545660,80,2096819
407788,84,3055133
722407,5,452
-1,0
-1,0
-1,0
-1,0
-1,0
-1,0
-1,0
1328074,12
827502,5
1004841,4
1180646,3
-1,0
-1,0
-1,0
-1,498
-1,2340
-1,0
653552,43
-1,0
-1,158
-1,0
-1,0
-1,0
-1,0
-1,0
-1,1
-1,0
132172,13
-1,0
-1,0
-1,0
-1,0
-1,0
-1,1
-1,4
-1,0
-1,0
-1,1
-1,0
-1,0
-1,0
-1,0
-1,0
-1,1
-1,2
-1,1
-1,1
280078,48
-1,2
728247,10
-1,0
-1,0
-1,0
-1,0
-1,0
-1,0
-1,0
-1,0
239290,7
-1,0
-1,0
-1,1
-1,0
-1,0
-1,0
-1,0
-1,0
604573,43
-1,0
-1,0
-1,0
-1,1
302020,36
-1,1
-1,0
-1,0
-1,0
-1,0
-1,0
-1,0
-1,2
-1,1
-1,0
-1,0
532434,66
1367446,42
-1,0
-1,0
528701,12
