714532,1729,57689830
920389,80,2071783
924961,79,1902145
1216798,81,2340577
1204049,82,2658654
1066135,84,2955492
551620,77,1498717
1050916,83,2733830
434293,92,6716257
445326,83,2899646
119991,99,13080335
634746,79,1818888
1299445,67,562581
830623,71,879831
1042963,67,583652
383379,82,2496897
884090,64,425445
1424071,60,291703
1219192,55,168996
835894,75,1215474
268419,95,9138689
1244185,41,44425
616972,72,902365
928538,61,303448
-1,-1
-1,-1
-1,-1
-1,-1
-1,-1
-1,-1
989631,12
535021,5
782577,4
939963,3
-1,-1
-1,-1
-1,-1
-1,-1
-1,-1
-1,-1
-1,-1
-1,-1
-1,-1
-1,-1
-1,-1
80767,13
-1,-1
-1,-1
-1,-1
-1,-1
-1,-1
-1,-1
-1,-1
-1,-1
-1,-1
-1,-1
-1,-1
-1,-1
-1,-1
-1,-1
-1,-1
-1,-1
-1,-1
-1,-1
357262,20
-1,-1
565287,10
-1,-1
-1,-1
-1,-1
-1,-1
-1,-1
-1,-1
-1,-1
169849,7
-1,-1
-1,-1
-1,-1
-1,-1
-1,-1
-1,-1
-1,-1
-1,-1
-1,-1
-1,-1
-1,-1
-1,-1
-1,-1
-1,-1
-1,-1
-1,-1
-1,-1
-1,-1
-1,-1
-1,-1
-1,-1
1189239,15
-1,-1
-1,-1
