498533,1984,131259055
728513,91,5917523
942127,84,3042517
688114,99,13051168
888976,95,9209608
1011968,90,5882543
537131,81,2335178
264643,99,16340177
573797,92,6757514
355756,92,6787343
173095,99,13088435
511347,85,3431215
1252315,75,1319355
873248,76,1365363
822187,75,1213290
576391,83,2833686
976858,70,794930
121973,99,13034631
487806,82,2619157
759957,83,2731790
208010,99,13838255
792054,66,512973
537141,80,2096819
399667,84,3055133
655854,5,452
-1,0
-1,0
-1,0
-1,0
-1,0
-1,0
-1,0
1310162,12
809945,5
990778,4
1168078,3
-1,0
-1,0
-1,0
-1,498
-1,2340
-1,0
639342,43
-1,0
-1,158
-1,0
-1,0
-1,0
-1,0
-1,0
-1,1
129788,13
-1,0
-1,0
-1,0
-1,0
-1,0
-1,1
-1,4
-1,0
-1,0
-1,1
-1,0
-1,0
-1,0
-1,0
-1,0
-1,1
-1,2
-1,1
-1,1
274655,48
-1,2
719351,10
-1,0
-1,0
-1,0
-1,0
-1,0
-1,0
-1,0
-1,0
235643,7
-1,0
-1,0
-1,1
-1,0
-1,0
-1,0
-1,0
-1,0
591388,43
-1,0
-1,0
-1,0
-1,1
285722,36
-1,1
-1,0
-1,0
-1,0
-1,0
-1,0
-1,0
-1,2
-1,1
-1,0
-1,0
523963,66
1354688,42
-1,0
-1,0
519722,12
