494610,2005,146683334
669100,93,7439880
436165,99,13034629
719423,99,13051168
725259,99,13035018
1042922,90,5882543
560766,81,2335178
279469,99,16340177
590757,92,6757514
370689,92,6870048
178897,99,13088435
528973,85,3431215
1287909,75,1319355
904131,76,1365363
854740,75,1213440
607706,83,2833686
1014661,70,794930
126593,99,13034806
507157,82,2619157
786699,83,2731790
219389,99,13838255
819822,66,514293
558213,80,2096819
418684,84,3055133
794277,5,502
-1,0
-1,0
-1,0
-1,0
-1,0
-1,0
-1,0
1350434,12
847801,5
1020098,4
1196867,3
-1,0
-1,0
-1,0
-1,498
-1,2340
-1,0
673878,43
-1,0
-1,158
-1,0
-1,0
-1,0
-1,0
-1,0
-1,1
-1,0
133329,13
-1,0
-1,0
-1,0
-1,0
-1,0
-1,1
-1,4
-1,0
-1,0
-1,1
-1,0
-1,0
-1,0
-1,0
-1,0
-1,1
-1,2
-1,1
-1,1
287901,48
-1,2
738747,10
-1,0
-1,0
-1,0
-1,0
-1,0
-1,0
-1,0
-1,0
243665,7
-1,0
-1,0
-1,1
-1,0
-1,0
-1,0
-1,0
-1,0
623552,43
-1,0
-1,0
-1,0
-1,1
320528,36
-1,1
-1,0
-1,0
-1,0
-1,0
-1,0
-1,0
-1,2
-1,1
-1,0
-1,0
543265,66
1386099,42
-1,0
-1,0
539414,12
