506044,2005,146683334
679650,93,7439880
443340,99,13034629
731229,99,13051168
736239,99,13035018
1054603,90,5882543
568659,81,2335178
285401,99,16340177
597217,92,6757514
377766,92,6870048
181634,99,13088435
535073,85,3431215
1300283,75,1319355
914892,76,1365363
865933,75,1213440
618281,83,2833686
1026990,70,794930
128654,99,13034806
513772,82,2619157
796636,83,2731790
223620,99,13838255
829708,66,514293
566002,80,2096819
425829,84,3055133
840320,5,502
-1,0
-1,0
-1,0
-1,0
-1,0
-1,0
-1,0
1362799,12
859136,5
1028659,4
1206195,3
-1,0
-1,0
-1,0
-1,498
-1,2340
-1,0
685569,43
-1,0
-1,158
-1,0
-1,0
-1,0
-1,0
-1,0
-1,1
-1,0
135024,13
-1,0
-1,0
-1,0
-1,0
-1,0
-1,1
-1,4
-1,0
-1,0
-1,1
-1,0
-1,0
-1,0
-1,0
-1,0
-1,1
-1,2
-1,1
-1,1
292542,48
-1,2
745167,10
-1,0
-1,0
-1,0
-1,0
-1,0
-1,0
-1,0
-1,0
-1,0
246242,7
-1,0
-1,0
-1,1
-1,0
-1,0
-1,0
-1,0
-1,0
634524,43
-1,0
-1,0
-1,0
-1,1
332984,36
-1,1
-1,0
-1,0
-1,0
-1,0
-1,0
-1,0
-1,2
-1,1
-1,0
-1,0
549812,66
1397065,42
-1,0
-1,0
546200,12
