499123,2005,146683334
672782,93,7439880
438941,99,13034629
723839,99,13051168
729430,99,13035018
1047429,90,5882543
563847,81,2335178
281563,99,16340177
593307,92,6757514
373443,92,6870048
179525,99,13088435
531303,85,3431215
1292400,75,1319355
907984,76,1365363
859071,75,1213440
611799,83,2833686
1019089,70,794930
127410,99,13034806
509743,82,2619157
790725,83,2731790
221170,99,13838255
823258,66,514293
561122,80,2096819
421614,84,3055133
812458,5,502
-1,0
-1,0
-1,0
-1,0
-1,0
-1,0
-1,0
1355457,12
852366,5
1023579,4
1200655,3
-1,0
-1,0
-1,0
-1,498
-1,2340
-1,0
678212,43
-1,0
-1,158
-1,0
-1,0
-1,0
-1,0
-1,0
-1,1
-1,0
133966,13
-1,0
-1,0
-1,0
-1,0
-1,0
-1,1
-1,4
-1,0
-1,0
-1,1
-1,0
-1,0
-1,0
-1,0
-1,0
-1,1
-1,2
-1,1
-1,1
289799,48
-1,2
741382,10
-1,0
-1,0
-1,0
-1,0
-1,0
-1,0
-1,0
-1,0
244671,7
-1,0
-1,0
-1,1
-1,0
-1,0
-1,0
-1,0
-1,0
627763,43
-1,0
-1,0
-1,0
-1,1
324924,36
-1,1
-1,0
-1,0
-1,0
-1,0
-1,0
-1,0
-1,2
-1,1
-1,0
-1,0
545808,66
1390064,42
-1,0
-1,0
542060,12
