586701,1877,86783619
912982,84,3058022
862698,83,2780682
1161570,87,4344819
1173299,87,4302227
1224492,84,3144746
657370,77,1600720
1069668,86,3962733
527057,92,6740534
357509,90,5455920
146947,99,13088285
745408,79,1891564
1412264,70,797815
796254,75,1331327
1052297,71,817878
509881,83,2734789
1015445,68,663936
121068,95,8829817
940979,70,808901
870664,78,1630546
193991,99,13649287
1050663,57,210498
515287,79,1930472
356849,84,3008101
-1,-1
-1,-1
-1,-1
-1,-1
-1,-1
-1,-1
1188760,12
696926,5
909342,4
1076396,3
-1,-1
-1,-1
-1,-1
-1,-1
-1,-1
-1,-1
878129,6
-1,-1
-1,-1
-1,-1
-1,-1
-1,-1
-1,-1
-1,-1
-1,-1
109668,13
-1,-1
-1,-1
-1,-1
-1,-1
-1,-1
-1,-1
-1,-1
-1,-1
-1,-1
-1,-1
-1,-1
-1,-1
-1,-1
-1,-1
-1,-1
-1,-1
-1,-1
-1,-1
242319,48
-1,-1
669076,10
-1,-1
-1,-1
-1,-1
-1,-1
-1,-1
-1,-1
-1,-1
-1,-1
213002,7
-1,-1
-1,-1
-1,-1
-1,-1
-1,-1
-1,-1
-1,-1
-1,-1
-1,-1
-1,-1
-1,-1
-1,-1
-1,-1
-1,-1
-1,-1
-1,-1
-1,-1
-1,-1
-1,-1
-1,-1
-1,-1
-1,-1
-1,-1
-1,-1
-1,-1
1396473,24
-1,-1
-1,-1
-1,-1
