555054,1894,93585149
891431,85,3261509
852214,83,2899962
1127780,88,4746721
1140848,88,4572740
1194896,85,3319738
652586,78,1631335
691708,94,8650663
527988,92,6740534
358515,90,5455945
147286,99,13088285
741874,79,1920303
1414524,70,798115
796871,75,1333977
1053954,71,817878
508186,83,2757782
1017343,68,663966
118809,95,9231960
850532,72,969830
832792,79,1820438
190836,99,13694523
1052099,57,210498
507298,80,1989996
357603,84,3008451
-1,-1
-1,-1
-1,-1
-1,-1
-1,-1
-1,-1
1190483,12
698258,5
910347,4
1077652,3
-1,-1
-1,-1
-1,-1
-1,-1
-1,-1
-1,-1
880027,6
-1,-1
-1,-1
-1,-1
-1,-1
-1,-1
-1,-1
-1,-1
-1,-1
110158,13
-1,-1
-1,-1
-1,-1
-1,-1
-1,-1
-1,-1
-1,-1
-1,-1
-1,-1
-1,-1
-1,-1
-1,-1
-1,-1
-1,-1
-1,-1
-1,-1
-1,-1
-1,-1
242853,48
-1,-1
669900,10
-1,-1
-1,-1
-1,-1
-1,-1
-1,-1
-1,-1
-1,-1
-1,-1
213758,7
-1,-1
-1,-1
-1,-1
-1,-1
-1,-1
-1,-1
-1,-1
-1,-1
-1,-1
-1,-1
-1,-1
-1,-1
-1,-1
-1,-1
-1,-1
-1,-1
-1,-1
-1,-1
-1,-1
-1,-1
-1,-1
-1,-1
-1,-1
-1,-1
635267,21
1398269,24
-1,-1
-1,-1
-1,-1
