705111,1729,57689830
909229,80,2071783
915106,79,1902145
1205073,81,2340577
1191915,82,2658654
1055527,84,2955492
542872,77,1498717
1038068,83,2733830
428384,92,6716257
438006,83,2899646
118158,99,13080335
628331,79,1818888
1283038,67,562581
818519,71,879831
1030425,67,583652
374819,82,2496897
872299,64,425445
1409038,60,291703
1205281,55,168996
828187,75,1215474
263128,95,9138689
1229761,41,44425
608612,72,902365
916921,61,303448
-1,-1
-1,-1
-1,-1
-1,-1
-1,-1
-1,-1
980060,12
527328,5
777216,4
933765,3
-1,-1
-1,-1
-1,-1
-1,-1
-1,-1
-1,-1
-1,-1
-1,-1
-1,-1
-1,-1
-1,-1
79171,13
-1,-1
-1,-1
-1,-1
-1,-1
-1,-1
-1,-1
-1,-1
-1,-1
-1,-1
-1,-1
-1,-1
-1,-1
-1,-1
-1,-1
-1,-1
-1,-1
-1,-1
-1,-1
352118,20
-1,-1
557347,10
-1,-1
-1,-1
-1,-1
-1,-1
-1,-1
-1,-1
-1,-1
167673,7
-1,-1
-1,-1
-1,-1
-1,-1
-1,-1
-1,-1
-1,-1
-1,-1
-1,-1
-1,-1
-1,-1
-1,-1
-1,-1
-1,-1
-1,-1
-1,-1
-1,-1
-1,-1
-1,-1
-1,-1
-1,-1
1169338,15
-1,-1
-1,-1
