1191299,1492,30503738
1256008,75,1275912
1144334,75,1285483
838161,92,6560393
1199815,84,3242758
1579599,76,1350705
1095161,70,752277
-1,1,-1
645138,85,3506544
1992362,61,314884
1558072,60,291571
-1,1,-1
-1,1,-1
485349,81,2397546
139566,92,6859459
-1,1,-1
880545,70,737827
1446249,62,358456
1261004,56,198027
1971173,43,50699
1135571,64,408260
1480868,38,32003
1619859,37,30314
1162939,54,153446
-1,-1
-1,-1
-1,-1
-1,-1
-1,-1
-1,-1
-1,-1
-1,-1
-1,-1
-1,-1
-1,-1
-1,-1
-1,-1
-1,-1
-1,-1
-1,-1
-1,-1
-1,-1
-1,-1
-1,-1
-1,-1
-1,-1
-1,-1
-1,-1
-1,-1
-1,-1
-1,-1
-1,-1
-1,-1
-1,-1
-1,-1
-1,-1
-1,-1
-1,-1
-1,-1
-1,-1
-1,-1
-1,-1
-1,-1
-1,-1
-1,-1
-1,-1
-1,-1
-1,-1
-1,-1
-1,-1
-1,-1
-1,-1
-1,-1
-1,-1
-1,-1
-1,-1
-1,-1
-1,-1
-1,-1
-1,-1
-1,-1
-1,-1
-1,-1
-1,-1
-1,-1
-1,-1
-1,-1
-1,-1
-1,-1
-1,-1
-1,-1
-1,-1
-1,-1
-1,-1
-1,-1
-1,-1
-1,-1
-1,-1
-1,-1
-1,-1
-1,-1
-1,-1
-1,-1
