1045469,1484,29213052
1094090,75,1275912
1143911,73,1041707
777122,90,5843825
1099672,83,2922939
1411850,76,1350705
938817,70,752277
-1,1,-1
554546,85,3506544
1745873,61,314884
1381057,60,291571
-1,1,-1
1902650,51,112076
389855,81,2397546
106067,92,6859459
1920998,52,126666
735665,70,737827
1242230,62,358456
1063630,56,198027
1775592,43,50699
972058,64,408260
1269930,38,32003
1444197,34,20234
995559,54,153446
-1,-1
-1,-1
-1,-1
-1,-1
-1,-1
-1,-1
-1,-1
-1,-1
-1,-1
-1,-1
-1,-1
-1,-1
-1,-1
-1,-1
-1,-1
-1,-1
-1,-1
-1,-1
-1,-1
-1,-1
-1,-1
-1,-1
-1,-1
-1,-1
-1,-1
-1,-1
-1,-1
-1,-1
-1,-1
-1,-1
-1,-1
-1,-1
-1,-1
-1,-1
-1,-1
-1,-1
-1,-1
-1,-1
-1,-1
-1,-1
-1,-1
-1,-1
-1,-1
-1,-1
-1,-1
-1,-1
-1,-1
-1,-1
-1,-1
-1,-1
-1,-1
-1,-1
-1,-1
-1,-1
-1,-1
-1,-1
-1,-1
-1,-1
-1,-1
-1,-1
-1,-1
-1,-1
-1,-1
-1,-1
-1,-1
-1,-1
-1,-1
-1,-1
-1,-1
-1,-1
-1,-1
-1,-1
-1,-1
-1,-1
