1191752,1492,30503738
1256513,75,1275912
1144783,75,1285483
838490,92,6560393
1200398,84,3242758
1580270,76,1350705
1095590,70,752277
-1,1,-1
645414,85,3506544
1993345,61,314884
1558697,60,291571
-1,1,-1
-1,1,-1
485709,81,2397546
139671,92,6859459
-1,1,-1
880995,70,737827
1446918,62,358456
1261735,56,198027
1971974,43,50699
1136136,64,408260
1481584,38,32003
1620588,37,30314
1163465,54,153446
-1,-1
-1,-1
-1,-1
-1,-1
-1,-1
-1,-1
-1,-1
-1,-1
-1,-1
-1,-1
-1,-1
-1,-1
-1,-1
-1,-1
-1,-1
-1,-1
-1,-1
-1,-1
-1,-1
-1,-1
-1,-1
-1,-1
-1,-1
-1,-1
-1,-1
-1,-1
-1,-1
-1,-1
-1,-1
-1,-1
-1,-1
-1,-1
-1,-1
-1,-1
-1,-1
-1,-1
-1,-1
-1,-1
-1,-1
-1,-1
-1,-1
-1,-1
-1,-1
-1,-1
-1,-1
-1,-1
-1,-1
-1,-1
-1,-1
-1,-1
-1,-1
-1,-1
-1,-1
-1,-1
-1,-1
-1,-1
-1,-1
-1,-1
-1,-1
-1,-1
-1,-1
-1,-1
-1,-1
-1,-1
-1,-1
-1,-1
-1,-1
-1,-1
-1,-1
-1,-1
-1,-1
-1,-1
-1,-1
-1,-1
-1,-1
-1,-1
-1,-1
-1,-1
-1,-1
