1043845,1484,29213052
1092889,75,1275912
1142663,73,1041707
776358,90,5843825
1098482,83,2922939
1409965,76,1350705
936887,70,752277
-1,1,-1
553448,85,3506544
1743463,61,314884
1379159,60,291571
-1,1,-1
1899712,51,112076
388695,81,2397546
105584,92,6859459
1918461,52,126666
734078,70,737827
1240313,62,358456
1061615,56,198027
1773649,43,50699
970327,64,408260
1267764,38,32003
1442200,34,20234
993932,54,153446
-1,-1
-1,-1
-1,-1
-1,-1
-1,-1
-1,-1
-1,-1
-1,-1
-1,-1
-1,-1
-1,-1
-1,-1
-1,-1
-1,-1
-1,-1
-1,-1
-1,-1
-1,-1
-1,-1
-1,-1
-1,-1
-1,-1
-1,-1
-1,-1
-1,-1
-1,-1
-1,-1
-1,-1
-1,-1
-1,-1
-1,-1
-1,-1
-1,-1
-1,-1
-1,-1
-1,-1
-1,-1
-1,-1
-1,-1
-1,-1
-1,-1
-1,-1
-1,-1
-1,-1
-1,-1
-1,-1
-1,-1
-1,-1
-1,-1
-1,-1
-1,-1
-1,-1
-1,-1
-1,-1
-1,-1
-1,-1
-1,-1
-1,-1
-1,-1
-1,-1
-1,-1
-1,-1
-1,-1
-1,-1
-1,-1
-1,-1
-1,-1
-1,-1
-1,-1
-1,-1
-1,-1
-1,-1
-1,-1
-1,-1
