1102828,1527,45832535
456446,94,8499067
784156,82,2562044
578924,98,11918912
736142,94,8367148
1104974,84,3070532
584554,77,1516608
1963309,67,587325
1683945,66,520627
1262374,70,775883
726258,79,1812564
959742,72,966420
-1,50,104825
1185615,68,638287
1228248,63,392668
1135081,70,740785
1677979,41,42842
1352878,63,402346
1620664,53,136868
936482,73,1032547
697348,78,1676294
1313194,42,47395
1963583,10,1300
1821976,33,19248
-1,-1
-1,-1
-1,-1
-1,-1
-1,-1
-1,-1
-1,-1
-1,-1
-1,-1
-1,-1
-1,-1
-1,-1
-1,-1
-1,-1
-1,-1
-1,-1
-1,-1
-1,-1
-1,-1
-1,-1
-1,-1
-1,-1
-1,-1
-1,-1
-1,-1
-1,-1
-1,-1
-1,-1
-1,-1
-1,-1
-1,-1
-1,-1
-1,-1
-1,-1
-1,-1
-1,-1
-1,-1
-1,-1
-1,-1
-1,-1
-1,-1
548666,8
-1,-1
-1,-1
-1,-1
-1,-1
-1,-1
-1,-1
-1,-1
-1,-1
-1,-1
-1,-1
-1,-1
-1,-1
-1,-1
-1,-1
-1,-1
-1,-1
-1,-1
-1,-1
-1,-1
-1,-1
-1,-1
-1,-1
-1,-1
-1,-1
-1,-1
-1,-1
-1,-1
-1,-1
-1,-1
-1,-1
-1,-1
-1,-1
-1,-1
-1,-1
-1,-1
-1,-1
-1,-1
