1268406,1351,38148051
429586,93,7598387
1095730,75,1213910
520861,98,11811793
708388,93,7512416
1199859,80,2082350
522966,77,1497331
-1,1,-1
-1,1,-1
1365091,67,551828
771524,75,1265607
882919,72,948525
-1,1,-1
1111278,66,533976
1125331,62,354405
1957188,52,126115
1765008,31,16107
1257898,62,364326
-1,1,-1
1949361,38,30870
614775,78,1671890
1827221,22,6000
-1,1,-1
-1,1,-1
-1,-1
-1,-1
-1,-1
-1,-1
-1,-1
-1,-1
-1,-1
-1,-1
-1,-1
-1,-1
-1,-1
-1,-1
-1,-1
-1,-1
-1,-1
-1,-1
-1,-1
-1,-1
-1,-1
-1,-1
-1,-1
-1,-1
-1,-1
-1,-1
-1,-1
-1,-1
-1,-1
-1,-1
-1,-1
-1,-1
-1,-1
-1,-1
-1,-1
-1,-1
-1,-1
-1,-1
-1,-1
-1,-1
-1,-1
-1,-1
482486,8
-1,-1
-1,-1
-1,-1
-1,-1
-1,-1
-1,-1
-1,-1
-1,-1
-1,-1
-1,-1
-1,-1
-1,-1
-1,-1
-1,-1
-1,-1
-1,-1
-1,-1
-1,-1
-1,-1
-1,-1
-1,-1
-1,-1
-1,-1
-1,-1
-1,-1
-1,-1
-1,-1
-1,-1
-1,-1
-1,-1
-1,-1
-1,-1
-1,-1
-1,-1
