1150848,1619,55170852
535406,95,9253757
643771,90,5509751
717366,98,12018428
791274,96,9932952
1212922,85,3531809
725340,77,1533108
1866472,75,1220857
1977479,66,520667
1506878,70,777545
832925,79,1919739
1115617,72,966460
-1,1,-1
1399906,68,653623
1109115,71,818199
651254,80,2145855
1708420,50,101630
1561752,65,468509
1277814,61,333002
938382,77,1496532
859012,78,1680214
1471557,46,70472
-1,1,-1
1629576,50,102198
-1,-1
-1,-1
-1,-1
-1,-1
-1,-1
-1,-1
-1,-1
-1,-1
-1,-1
-1,-1
-1,-1
-1,-1
-1,-1
-1,-1
-1,-1
-1,-1
-1,-1
-1,-1
-1,-1
-1,-1
-1,-1
-1,-1
-1,-1
-1,-1
-1,-1
-1,-1
-1,-1
-1,-1
-1,-1
-1,-1
-1,-1
-1,-1
-1,-1
-1,-1
-1,-1
-1,-1
-1,-1
-1,-1
-1,-1
-1,-1
-1,-1
-1,-1
-1,-1
-1,-1
-1,-1
679074,8
-1,-1
-1,-1
-1,-1
-1,-1
-1,-1
-1,-1
-1,-1
-1,-1
-1,-1
-1,-1
-1,-1
-1,-1
-1,-1
-1,-1
-1,-1
-1,-1
-1,-1
-1,-1
-1,-1
-1,-1
-1,-1
-1,-1
-1,-1
-1,-1
-1,-1
-1,-1
-1,-1
-1,-1
-1,-1
-1,-1
-1,-1
-1,-1
-1,-1
-1,-1
-1,-1
653023,26
-1,-1
-1,-1
-1,-1
-1,-1
