1098178,1619,55170852
507192,95,9253757
613049,90,5509751
675859,98,12018428
754864,96,9932952
1166651,85,3531809
687985,77,1533108
1786330,75,1220857
1895227,66,520667
1443039,70,777545
800273,79,1919739
1077516,72,966460
-1,1,-1
1344560,68,653623
1058231,71,818199
617281,80,2145855
1629326,50,101630
1486120,65,468509
1200407,61,333002
908855,77,1496532
817134,78,1680214
1392313,46,70472
-1,1,-1
1562412,50,102198
-1,-1
-1,-1
-1,-1
-1,-1
-1,-1
-1,-1
-1,-1
-1,-1
-1,-1
-1,-1
-1,-1
-1,-1
-1,-1
-1,-1
-1,-1
-1,-1
-1,-1
-1,-1
-1,-1
-1,-1
-1,-1
-1,-1
-1,-1
-1,-1
-1,-1
-1,-1
-1,-1
-1,-1
-1,-1
-1,-1
-1,-1
-1,-1
-1,-1
-1,-1
-1,-1
-1,-1
-1,-1
-1,-1
-1,-1
-1,-1
-1,-1
-1,-1
-1,-1
-1,-1
645440,8
-1,-1
-1,-1
-1,-1
-1,-1
-1,-1
-1,-1
-1,-1
-1,-1
-1,-1
-1,-1
-1,-1
-1,-1
-1,-1
-1,-1
-1,-1
-1,-1
-1,-1
-1,-1
-1,-1
-1,-1
-1,-1
-1,-1
-1,-1
-1,-1
-1,-1
-1,-1
-1,-1
-1,-1
-1,-1
-1,-1
-1,-1
-1,-1
-1,-1
-1,-1
-1,-1
625974,26
-1,-1
-1,-1
-1,-1
-1,-1
