1269454,1620,55170852
590068,95,9253757
704101,90,5509751
793488,98,12018428
866218,96,9932952
1305355,85,3531809
797941,77,1533108
-1,75,1220857
-1,66,520667
1637543,70,777545
893160,79,1919739
1190308,72,966460
-1,50,110925
1505423,68,653623
1215473,71,818199
726942,80,2145855
1838097,50,101630
1685729,65,468509
1401270,61,333002
1004839,77,1496532
937793,78,1680214
1590195,46,70472
-1,20,4620
1758930,50,102198
-1,1,0
-1,0
-1,0
-1,0
-1,0
-1,0
-1,0
-1,0
-1,0
-1,0
-1,0
-1,0
-1,0
-1,0
-1,0
-1,0
-1,2500
-1,2
-1,0
-1,0
-1,49
-1,0
-1,0
-1,0
-1,0
-1,0
-1,0
-1,0
-1,0
-1,0
-1,0
-1,0
-1,0
-1,0
-1,0
-1,0
-1,0
-1,0
-1,0
-1,0
-1,0
-1,0
-1,0
-1,0
-1,0
-1,0
-1,0
-1,0
740675,8
-1,0
-1,0
-1,0
-1,0
-1,0
-1,0
-1,0
-1,0
-1,0
-1,0
-1,0
-1,0
-1,0
-1,0
-1,0
-1,0
-1,0
-1,0
-1,0
-1,0
-1,0
-1,0
-1,0
-1,0
-1,0
-1,0
-1,0
-1,0
-1,0
-1,0
-1,0
-1,0
-1,2
-1,0
-1,0
-1,0
708630,26
-1,0
-1,0
-1,0
-1,0
