1115254,1619,55170852
517269,95,9253757
623992,90,5509751
690006,98,12018428
769137,96,9932952
1185366,85,3531809
700811,77,1533108
1817564,75,1220857
1925273,66,520667
1465926,70,777545
813483,79,1919739
1090823,72,966460
-1,1,-1
1364489,68,653623
1074481,71,818199
629554,80,2145855
1657712,50,101630
1516049,65,468509
1229548,61,333002
918778,77,1496532
829554,78,1680214
1422536,46,70472
-1,1,-1
1586198,50,102198
-1,-1
-1,-1
-1,-1
-1,-1
-1,-1
-1,-1
-1,-1
-1,-1
-1,-1
-1,-1
-1,-1
-1,-1
-1,-1
-1,-1
-1,-1
-1,-1
-1,-1
-1,-1
-1,-1
-1,-1
-1,-1
-1,-1
-1,-1
-1,-1
-1,-1
-1,-1
-1,-1
-1,-1
-1,-1
-1,-1
-1,-1
-1,-1
-1,-1
-1,-1
-1,-1
-1,-1
-1,-1
-1,-1
-1,-1
-1,-1
-1,-1
-1,-1
-1,-1
-1,-1
-1,-1
654186,8
-1,-1
-1,-1
-1,-1
-1,-1
-1,-1
-1,-1
-1,-1
-1,-1
-1,-1
-1,-1
-1,-1
-1,-1
-1,-1
-1,-1
-1,-1
-1,-1
-1,-1
-1,-1
-1,-1
-1,-1
-1,-1
-1,-1
-1,-1
-1,-1
-1,-1
-1,-1
-1,-1
-1,-1
-1,-1
-1,-1
-1,-1
-1,-1
-1,-1
-1,-1
-1,-1
634109,26
-1,-1
-1,-1
-1,-1
-1,-1
