564005,1888,670429273
17191,99,38604125
33004,99,24112535
4824,99,149997542
4823,99,143892081
13551,99,105725005
34294,99,13515301
2298,99,93399095
1856914,66,537862
1410331,70,784985
1677230,60,296510
1955251,60,284507
1212792,75,1223500
367705,88,4518722
927002,71,893880
907134,74,1194563
465751,81,2301587
115086,96,9927539
668222,75,1273280
980,99,74316609
1046932,71,850218
806607,63,385447
1114567,67,572220
672532,79,1822160
-1,-1
-1,-1
-1,-1
-1,-1
-1,-1
-1,-1
-1,-1
-1,-1
-1,-1
-1,-1
-1,-1
-1,-1
-1,-1
-1,-1
-1,-1
69243,1416
635876,28
-1,-1
-1,-1
276742,15
99283,737
-1,-1
114825,131
150553,6
448134,118
2840,218
65506,261
224273,7
13319,2578
37542,576
52925,26
62604,92
19604,272
3016,2174
12412,702
13583,333
3787,2609
4802,2616
3715,2656
176093,25
-1,-1
182,14666
69368,620
295432,25
-1,-1
133797,111
8569,2170
10546,5826
155,10011
380,4689
-1,-1
-1,-1
20024,1326
96185,11
-1,-1
69236,21
135567,60
32500,500
131240,30
38754,298
1356,181
-1,-1
-1,-1
-1,-1
-1,-1
-1,-1
-1,-1
-1,-1
106249,92
-1,-1
-1,-1
-1,-1
1589,6173
852,471
66605,88
-1,-1
28831,26
-1,-1
153223,34
50711,151
448722,85
1431365,20
-1,-1
-1,-1
121308,1006
