563660,1851,501422122
15576,99,37574136
32937,99,22836290
6037,99,114589393
8559,99,105765457
21579,99,79132587
182025,94,8528387
6340,99,56794804
1718423,66,528474
1398103,69,735558
1555882,60,296510
1846882,60,277079
1371018,69,688180
365607,86,3660094
928545,71,819340
873623,73,1041317
423264,80,2172564
94432,96,9805632
687848,73,1035070
1857,99,52397556
1182110,61,310378
766514,61,321703
1167855,61,325242
597929,78,1786371
-1,-1
-1,-1
-1,-1
-1,-1
-1,-1
-1,-1
-1,-1
-1,-1
-1,-1
-1,-1
-1,-1
-1,-1
-1,-1
-1,-1
-1,-1
58718,1416
513624,28
-1,-1
242554,12
93988,684
59520,48
120745,6
533406,73
2286,212
56482,236
178630,7
115535,551
40289,511
52585,14
64760,77
27886,177
9124,1207
124907,43
336750,18
31294,770
40237,768
30610,789
171452,25
-1,-1
278,11802
91113,385
261594,25
-1,-1
144598,76
9436,1900
9544,5746
805,4357
326,4580
-1,-1
-1,-1
19200,1209
86685,11
-1,-1
59890,21
-1,-1
47348,214
118711,30
29702,270
1542,153
-1,-1
-1,-1
-1,-1
-1,-1
-1,-1
-1,-1
-1,-1
-1,-1
-1,-1
1375,6093
934,437
56636,78
-1,-1
29378,24
-1,-1
145133,31
44052,145
591792,10
1294799,20
-1,-1
294219,157
