569779,1857,523270707
16061,99,37787880
33072,99,23116902
5967,99,120540941
8171,99,110773784
21332,99,81655424
175745,96,10610399
5627,99,61011118
1751359,66,528682
1351676,70,762906
1585198,60,296510
1877119,60,277079
1403800,69,693776
371525,86,3742402
954618,71,819440
884051,73,1070551
434489,81,2204348
99624,96,9806959
706535,73,1052310
1917,99,53706658
1184403,63,370413
788784,61,322923
1194111,61,326226
615890,78,1793076
-1,-1
-1,-1
-1,-1
-1,-1
-1,-1
-1,-1
-1,-1
-1,-1
-1,-1
-1,-1
-1,-1
-1,-1
-1,-1
-1,-1
-1,-1
63162,1416
539970,28
-1,-1
251351,12
96424,684
-1,-1
87926,54
127952,6
544594,73
2441,212
60107,236
189758,7
118899,551
37677,550
47983,23
66401,77
28949,177
7283,1369
13227,627
349410,18
26915,864
34474,860
26437,884
172633,25
-1,-1
250,13174
93794,385
269500,25
-1,-1
148595,76
9685,1900
9927,5749
709,4777
338,4634
-1,-1
-1,-1
20082,1209
88886,11
-1,-1
62114,21
-1,-1
42936,265
121943,30
32284,270
1531,158
-1,-1
-1,-1
-1,-1
-1,-1
-1,-1
-1,-1
-1,-1
-1,-1
-1,-1
-1,-1
1443,6093
844,453
56975,84
-1,-1
30225,24
-1,-1
148143,31
45614,148
607774,10
1329068,20
-1,-1
301312,157
