525263,1931,799777795
17534,99,39453609
31569,99,25085111
3780,99,173455478
3256,99,171525241
8988,99,130096164
9739,99,14866350
1484,99,118048074
1975558,66,538414
1458451,70,814262
1077703,74,1097015
-1,60,289126
1275439,75,1232585
391426,88,4651268
704299,76,1356301
954764,75,1233785
497383,81,2340973
127032,96,9931589
717732,75,1301999
636,99,92490894
440676,92,7093639
854940,64,411837
1174160,68,635451
723871,79,1828630
-1,-1
-1,-1
-1,-1
-1,-1
-1,-1
-1,-1
-1,-1
870709,36
-1,-1
-1,-1
378747,36
-1,-1
-1,-1
-1,-1
-1,-1
-1,-1
70633,1416
722665,28
-1,-1
-1,-1
305954,15
33216,1792
7167,310
137907,159
165146,6
405515,150
3385,218
67699,274
249428,7
7141,3529
35061,622
50414,38
31725,192
16825,328
2332,2486
12931,716
11766,383
1855,3699
2567,3682
1811,3774
203466,25
-1,-1
-1,-1
143,15270
61659,750
324410,25
-1,-1
137860,119
8248,2354
10037,6020
58,15633
390,4833
-1,-1
-1,-1
15438,1706
100064,11
-1,-1
75178,21
152007,60
31049,628
138359,30
45327,313
-1,-1
1118,206
-1,-1
-1,-1
-1,-1
-1,-1
-1,-1
145434,31
-1,-1
65621,272
-1,-1
-1,-1
-1,-1
1744,6182
788,485
66582,104
-1,-1
30137,26
131068,24
158870,34
53238,155
298727,259
1522842,20
-1,-1
-1,-1
97444,1262
