520175,1835,417423650
13464,99,36838520
30795,99,22107162
6519,99,93548231
10808,99,85735652
25315,99,65693563
161945,94,7950815
11137,99,40422450
1572142,66,528474
1298880,69,675810
1431929,60,296383
1711593,60,276479
1295394,67,555998
393738,83,2691060
820210,71,818940
877138,71,899189
372787,80,2095578
78585,95,9608150
614785,72,991390
2483,99,43133900
1111705,57,222713
786584,58,232808
1053165,61,323874
524111,78,1776511
-1,-1
-1,-1
-1,-1
-1,-1
-1,-1
-1,-1
-1,-1
-1,-1
-1,-1
-1,-1
-1,-1
-1,-1
-1,-1
-1,-1
-1,-1
50759,1416
506534,13
220109,8
80813,684
83776,5
520874,63
1820,212
50390,176
-1,-1
210100,90
45566,414
47004,6
144547,20
36831,118
18265,714
127920,32
274557,18
66743,389
81607,431
71578,367
-1,-1
-1,-1
294,9623
86857,335
224255,25
-1,-1
139863,60
8499,1883
8196,5696
1567,2730
302,4155
-1,-1
15951,1134
-1,-1
-1,-1
52288,21
-1,-1
50251,164
102945,30
1834,128
-1,-1
-1,-1
-1,-1
-1,-1
-1,-1
-1,-1
-1,-1
-1,-1
1279,5854
1509,356
60950,31
-1,-1
186374,5
-1,-1
-1,-1
48596,90
523925,10
1145692,20
-1,-1
283060,127
