549043,1797,379760869
12558,99,36494269
30171,99,21722168
6494,99,86512503
11967,99,77436735
27393,99,59552862
149822,93,7422061
15544,99,33502824
1500870,66,528474
1348786,66,543336
1390811,60,284888
1637969,60,276479
1668776,56,197162
376819,82,2482231
764596,71,818740
953146,70,744122
357245,80,2023462
84685,92,6980767
862914,62,334090
2841,99,39735422
1076926,56,186566
748289,57,216881
1128005,56,196411
500006,77,1568416
-1,-1
-1,-1
-1,-1
-1,-1
-1,-1
-1,-1
-1,-1
-1,-1
-1,-1
-1,-1
-1,-1
-1,-1
-1,-1
-1,-1
45901,1416
448032,10
209976,5
87735,555
59780,5
498657,63
1579,212
45636,162
-1,-1
198422,81
49206,364
41858,6
129621,20
62883,68
21808,596
121866,32
238864,18
102427,236
115073,309
98928,248
-1,-1
-1,-1
265,8692
120866,184
206839,25
-1,-1
156223,37
8055,1873
8070,5564
2311,2113
298,4036
-1,-1
13899,1110
-1,-1
-1,-1
48831,21
-1,-1
45377,164
95114,30
2780,108
-1,-1
-1,-1
-1,-1
-1,-1
-1,-1
-1,-1
-1,-1
-1,-1
1136,5854
3444,261
51699,23
-1,-1
-1,-1
-1,-1
-1,-1
108301,11
486471,10
-1,-1
-1,-1
337885,22
