558481,1800,391591536
13007,99,36590053
30791,99,21825558
6580,99,88850810
11649,99,80401200
26780,99,62025905
155982,93,7482835
13634,99,35939027
1527338,66,528474
1365553,67,551434
1414249,60,285008
1664837,60,276479
1697439,56,198953
389459,82,2493294
786495,71,818840
948679,70,764243
362576,80,2047889
87430,92,7096045
850988,63,375330
2686,99,40851354
1097474,56,188473
749633,58,232808
1149559,56,196438
513198,77,1571086
-1,-1
-1,-1
-1,-1
-1,-1
-1,-1
-1,-1
-1,-1
-1,-1
-1,-1
-1,-1
-1,-1
-1,-1
-1,-1
-1,-1
-1,-1
47578,1416
457751,13
209419,8
89112,566
68922,5
507430,63
1663,212
45210,172
-1,-1
203686,81
48214,380
43426,6
135263,20
64248,68
21648,612
124471,32
252479,18
82155,309
100029,356
86586,294
-1,-1
-1,-1
258,9147
105299,238
213633,25
-1,-1
161293,37
8148,1883
8333,5564
2027,2296
289,4109
-1,-1
14392,1134
-1,-1
-1,-1
49998,21
-1,-1
47058,164
97999,30
2895,108
-1,-1
-1,-1
-1,-1
-1,-1
-1,-1
-1,-1
-1,-1
-1,-1
1186,5854
2601,292
56124,25
-1,-1
-1,-1
-1,-1
-1,-1
48508,73
502239,10
-1,-1
-1,-1
301239,77
