565325,1852,503902284
15662,99,37642359
32972,99,22891652
6082,99,115454779
8573,99,106442008
21792,99,79286052
182917,94,8534712
6258,99,57425966
1724635,66,528474
1381226,70,739096
1562200,60,296510
1853227,60,277079
1377279,69,688926
367854,86,3660094
933965,71,819340
879329,73,1041822
425366,80,2176060
95308,96,9805846
691579,73,1037030
1915,99,52406910
1186220,61,313343
770448,61,322313
1173281,61,325242
601713,78,1786671
-1,-1
-1,-1
-1,-1
-1,-1
-1,-1
-1,-1
-1,-1
-1,-1
-1,-1
-1,-1
-1,-1
-1,-1
-1,-1
-1,-1
-1,-1
60292,1416
518668,28
-1,-1
244626,12
94411,684
68138,53
122249,6
535525,73
2305,212
57262,236
180954,7
116333,551
39891,517
53009,14
65088,77
28096,177
9173,1207
125179,43
339335,18
31431,770
40428,768
30742,789
171692,25
-1,-1
268,12367
91605,385
263360,25
-1,-1
145406,76
9486,1900
9626,5746
779,4452
325,4605
-1,-1
-1,-1
19340,1209
87054,11
-1,-1
60287,21
-1,-1
48093,214
119388,30
30152,270
1569,153
-1,-1
-1,-1
-1,-1
-1,-1
-1,-1
-1,-1
-1,-1
-1,-1
-1,-1
1398,6093
942,437
57259,78
-1,-1
29574,24
-1,-1
145744,31
44480,145
595121,10
1301337,20
-1,-1
295589,157
