556784,1799,388843290
12905,99,36574723
30641,99,21809659
6567,99,88292150
11721,99,79741554
27330,99,61298625
154473,93,7455230
13897,99,35515238
1521404,66,528474
1365177,66,547210
1408444,60,285008
1659051,60,276479
1691024,56,198098
385840,82,2493294
781815,71,818840
949124,70,759697
361812,80,2038496
86972,92,7029027
848886,63,372370
2712,99,40621998
1092839,56,187978
744490,58,232808
1144952,56,196438
510035,77,1569896
-1,-1
-1,-1
-1,-1
-1,-1
-1,-1
-1,-1
-1,-1
-1,-1
-1,-1
-1,-1
-1,-1
-1,-1
-1,-1
-1,-1
-1,-1
47240,1416
451186,13
207756,8
89458,555
66917,5
505261,63
1642,212
46871,162
-1,-1
202361,81
48671,374
42940,6
133931,20
63890,68
21499,612
123826,32
249227,18
92549,270
113823,316
98185,254
-1,-1
-1,-1
265,8989
104869,237
211971,25
-1,-1
160028,37
8183,1873
8260,5564
2091,2248
289,4109
-1,-1
14203,1134
-1,-1
-1,-1
49667,21
-1,-1
46638,164
97302,30
2862,108
-1,-1
-1,-1
-1,-1
-1,-1
-1,-1
-1,-1
-1,-1
-1,-1
1166,5854
2734,286
54788,25
-1,-1
-1,-1
-1,-1
-1,-1
58195,54
499158,10
-1,-1
-1,-1
300067,77
