543773,1916,766743914
17605,99,39241567
31999,99,24819060
3936,99,168374355
3573,99,164046836
9857,99,124309729
11004,99,14641205
1682,99,110166725
1951755,66,537914
1451148,70,801731
1759550,60,296510
-1,60,284507
1261091,75,1230097
384995,88,4638918
699292,76,1341481
943493,75,1220828
490206,81,2326151
124115,96,9930950
708672,75,1291281
705,99,87296775
431894,92,7082542
847150,63,401717
1152816,68,635305
711573,79,1827730
-1,-1
-1,-1
-1,-1
-1,-1
-1,-1
-1,-1
859074,36
-1,-1
-1,-1
373496,36
-1,-1
-1,-1
-1,-1
-1,-1
-1,-1
70028,1416
703472,28
-1,-1
-1,-1
299839,15
36449,1687
6760,310
131563,159
161453,6
417265,141
3276,218
68182,264
242869,7
7018,3529
35586,611
56132,26
31289,192
16346,328
2558,2381
12876,716
11528,383
2346,3309
3094,3303
2309,3374
199026,25
-1,-1
-1,-1
143,15060
60862,750
317750,25
-1,-1
135649,119
8781,2231
9890,6017
70,14129
383,4830
-1,-1
-1,-1
15235,1706
99276,11
-1,-1
74034,21
148124,60
29766,628
136648,30
46341,298
1074,206
-1,-1
-1,-1
-1,-1
-1,-1
-1,-1
135977,31
-1,-1
68661,245
-1,-1
-1,-1
-1,-1
1698,6182
786,485
65191,104
-1,-1
29788,26
126923,24
157382,34
53376,151
295597,259
1503781,20
-1,-1
-1,-1
107131,1154
