553644,1895,682399068
17219,99,38668333
32918,99,24184251
4727,99,151851503
4602,99,146367633
12525,99,108374164
25220,99,13697150
2197,99,95488324
1863437,66,537914
1411449,70,787394
1681293,60,296510
1961846,60,284507
1212908,75,1225153
368194,88,4559041
931006,71,893880
910116,74,1197387
467761,81,2304597
115973,96,9928410
671082,75,1274700
930,99,75993253
809507,78,1702870
810025,63,386077
1119060,67,572247
675907,79,1823770
-1,-1
-1,-1
-1,-1
-1,-1
-1,-1
-1,-1
-1,-1
-1,-1
-1,-1
-1,-1
-1,-1
-1,-1
-1,-1
-1,-1
-1,-1
69003,1416
641200,28
-1,-1
-1,-1
279294,15
99705,737
90075,26
117285,131
151357,6
429592,127
2905,218
65755,261
225781,7
11320,2796
37208,580
53184,26
62772,92
15759,322
2871,2226
12542,702
13685,333
3647,2659
4659,2667
3574,2708
180240,25
-1,-1
144,14739
64873,671
297237,25
-1,-1
134497,111
8235,2231
10589,5826
150,10317
381,4694
-1,-1
-1,-1
20046,1326
96619,11
-1,-1
69922,21
136929,60
29800,550
131696,30
39428,298
1372,181
-1,-1
-1,-1
-1,-1
-1,-1
-1,-1
-1,-1
-1,-1
111141,92
-1,-1
-1,-1
-1,-1
1597,6176
818,477
66805,90
-1,-1
28921,26
-1,-1
153422,34
50867,151
324003,203
1436470,20
-1,-1
-1,-1
118625,1027
