570026,1857,523695916
16069,99,37789781
33024,99,23128594
5949,99,120720890
8162,99,110881594
21303,99,81728531
175812,96,10610570
5628,99,61041240
1751671,66,528682
1352076,70,762906
1585541,60,296510
1877479,60,277079
1404266,69,693776
371687,86,3742402
954838,71,819440
883796,73,1071736
434683,81,2204348
99699,96,9806975
707065,73,1052310
1919,99,53725864
1184773,63,370413
788975,61,322923
1194529,61,326226
616088,78,1793126
-1,-1
-1,-1
-1,-1
-1,-1
-1,-1
-1,-1
-1,-1
-1,-1
-1,-1
-1,-1
-1,-1
-1,-1
-1,-1
-1,-1
-1,-1
63281,1416
540150,28
-1,-1
251432,12
96456,684
-1,-1
88192,54
128042,6
544738,73
2446,212
60149,236
189883,7
118945,551
37686,550
48001,23
66426,77
28964,177
7291,1369
13233,627
349562,18
26918,864
34476,860
26441,884
172644,25
-1,-1
255,13187
93826,385
269595,25
-1,-1
148638,76
9689,1900
9930,5749
709,4777
339,4634
-1,-1
-1,-1
20083,1209
88911,11
-1,-1
62159,21
-1,-1
42993,265
121985,30
32310,270
1533,158
-1,-1
-1,-1
-1,-1
-1,-1
-1,-1
-1,-1
-1,-1
-1,-1
-1,-1
-1,-1
1446,6093
829,455
56994,84
-1,-1
30238,24
-1,-1
148165,31
45623,148
608008,10
1329493,20
-1,-1
301415,157
