142843,2112,185950865
446275,93,7326371
353082,94,8556149
441628,99,13089480
312486,99,18359425
497891,97,10910733
184384,90,5770897
239310,99,13816090
371676,95,9204410
334581,86,3853082
331385,90,5668116
253228,91,5903117
372045,91,6195043
298308,86,3783027
244150,86,3625171
253240,86,3621694
204272,90,5348177
180657,85,3437848
197551,91,5951414
191445,96,9999604
37096,99,20602718
164179,86,3613347
28642,99,14303004
245058,84,3011948
-1,-1
-1,-1
-1,-1
-1,-1
-1,-1
-1,-1
72466,566
44493,74
102477,51
95984,142
71653,221
131052,27
38610,51
369098,500
-1,-1
-1,-1
49693,270
-1,-1
-1,-1
74295,7
184214,273
-1,-1
-1,-1
77551,31
-1,-1
154922,54
-1,-1
77698,51
105556,42
-1,-1
-1,-1
226561,25
114961,212
168972,214
113243,217
65527,25
-1,-1
-1,-1
36367,863
-1,-1
18274,171
93135,129
59665,490
116693,1861
182785,9
-1,-1
45897,4
104731,28
-1,-1
-1,-1
-1,-1
44292,120
-1,-1
-1,-1
98019,37
22908,157
151373,102
191312,6
-1,-1
-1,-1
-1,-1
-1,-1
-1,-1
-1,-1
22159,138
73616,13
-1,-1
27444,23
-1,-1
136966,22
-1,-1
408056,52
426817,205
-1,-1
213614,310
