151406,2237,262057661
507388,98,12006729
435007,98,12354023
200195,99,22103962
221553,99,30269324
364158,99,18216538
277294,91,6244047
148515,99,21284925
507217,95,9215088
501452,87,4168135
361732,94,7967937
347570,91,5924240
543444,91,6294940
287146,94,8067513
376172,86,3672863
403707,88,4460229
265092,90,5715669
227635,88,4615918
207795,96,10577370
126393,99,15401812
33625,99,27436703
255975,86,3618765
43649,99,15285012
374627,84,3165574
131995,87,3990345
-1,0
-1,0
-1,0
-1,0
-1,0
-1,0
-1,0
89535,730
106871,75
151140,61
123136,160
72109,288
64587,79
52509,67
548447,500
-1,2500
-1,0
128653,270
-1,0
95115,537
-1,0
-1,0
182464,23
32131,1161
174262,7
245144,277
288613,15
273469,6
215926,32
196876,31
-1,0
114544,182
32152,108
106336,51
150568,42
-1,1
228391,9
344539,25
63036,511
84772,520
62824,513
127980,25
-1,0
-1,1
-1,1
55820,866
-1,1
13712,259
136242,129
74818,501
88989,2709
144972,69
-1,1
-1,1
65390,5
171707,28
-1,2
-1,0
410055,5
114948,120
309476,28
145504,30
167267,91
-1,0
145988,37
-1,0
59225,171
288266,102
330559,6
-1,0
-1,0
-1,1
-1,0
-1,1
-1,2
-1,0
144744,476
33476,140
54745,151
-1,0
30702,26
-1,1
57227,213
-1,0
569317,52
597066,207
-1,0
-1,0
241283,457
