157003,2150,257664037
426422,98,11958029
364722,98,12353972
153186,99,22087220
177154,99,30245344
305371,99,18213542
229088,91,6240812
108604,99,21252838
450640,95,9214043
410758,87,4143124
314884,94,7967910
301737,91,5923239
464845,91,6294940
243902,94,8066300
319262,86,3645741
323009,88,4452103
218729,90,5714907
188519,88,4605198
175773,96,10524044
99471,99,15393812
27336,99,27392925
212161,86,3618765
36273,99,15284624
314020,84,3070605
-1,-1
-1,-1
-1,-1
-1,-1
-1,-1
-1,-1
69160,729
71895,75
119676,61
104378,159
59288,288
50080,79
42036,67
488777,500
-1,-1
-1,-1
90107,270
-1,-1
57628,508
-1,-1
-1,-1
75099,23
14182,1161
138492,7
219549,277
232765,6
185058,32
153358,31
-1,-1
105175,182
25889,108
94607,51
131361,42
-1,-1
211131,9
294481,25
57286,511
75635,520
57285,513
78089,25
-1,-1
-1,-1
49126,866
-1,-1
11092,258
117575,129
67878,501
80012,2709
128525,69
-1,-1
-1,-1
53266,5
149846,28
-1,-1
-1,-1
369147,5
86832,120
251274,28
128868,30
116434,91
127209,37
-1,-1
46317,171
221467,102
274295,6
-1,-1
-1,-1
-1,-1
-1,-1
-1,-1
-1,-1
-1,-1
127894,476
29626,140
42107,151
-1,-1
26877,26
-1,-1
52425,213
-1,-1
497675,52
527695,207
-1,-1
213298,457
