157993,2150,257665736
428022,98,11958285
366330,98,12353972
154548,99,22087220
178327,99,30245429
306783,99,18213542
230240,91,6240812
109381,99,21253313
452229,95,9214046
412781,87,4143124
316044,94,7967910
302999,91,5923239
466709,91,6294940
245123,94,8066300
320688,86,3645741
325017,88,4452103
219934,90,5714907
189718,88,4606078
176660,96,10524044
100317,99,15393812
27553,99,27392925
213171,86,3618765
36468,99,15284624
315804,84,3070605
-1,-1
-1,-1
-1,-1
-1,-1
-1,-1
-1,-1
69669,729
72528,75
120503,61
104923,159
59668,288
50436,79
42377,67
490643,500
-1,-1
-1,-1
91030,270
-1,-1
59942,508
-1,-1
-1,-1
77638,23
14814,1161
139727,7
220374,277
233580,6
186101,32
154744,31
-1,-1
105469,182
26110,108
95042,51
131913,42
-1,-1
211733,9
295861,25
57477,511
75910,520
57475,513
78294,25
-1,-1
-1,-1
49389,866
-1,-1
11178,258
118128,129
68071,501
80298,2709
129039,69
-1,-1
-1,-1
53587,5
150593,28
-1,-1
-1,-1
370143,5
87840,120
252799,28
129390,30
118000,91
127812,37
-1,-1
46852,171
222911,102
275680,6
-1,-1
-1,-1
-1,-1
-1,-1
-1,-1
-1,-1
-1,-1
128384,476
29748,140
42550,151
-1,-1
26983,26
-1,-1
52620,213
-1,-1
499755,52
529624,207
-1,-1
214122,457
