182853,2150,257848093
480884,98,12006137
412204,98,12353972
185978,99,22088492
207473,99,30262556
345257,99,18213592
260702,91,6241028
135638,99,21262047
489549,95,9214098
470309,87,4143124
347161,94,7967937
333676,91,5923239
520976,91,6294940
273511,94,8066300
361028,86,3645741
377846,88,4455288
250282,90,5715615
216967,88,4614158
198626,96,10552527
118865,99,15393812
31561,99,27436436
244851,86,3618765
41738,99,15284872
359176,84,3093417
-1,0
-1,0
-1,0
-1,0
-1,0
-1,0
-1,0
83277,730
95374,75
141164,61
117121,160
68289,288
60614,79
49695,67
536906,500
-1,2500
-1,0
119240,270
-1,0
88684,515
-1,0
-1,0
154531,23
27325,1161
162622,7
237861,277
260278,6
205380,32
183515,31
-1,0
110974,182
29915,108
102291,51
144279,42
-1,1
223558,9
328738,25
61340,511
82187,520
61200,513
114795,25
-1,0
-1,1
-1,1
53947,866
-1,1
12899,259
130827,129
72644,501
86430,2709
140006,69
-1,1
-1,1
61803,5
163916,28
-1,2
-1,0
397902,5
106830,120
287471,28
139908,30
155931,91
-1,0
140917,37
-1,0
54958,171
268619,102
314544,6
-1,0
-1,0
-1,1
-1,0
-1,1
-1,2
-1,0
139499,476
32419,140
50872,151
-1,0
29476,26
-1,1
55579,213
-1,0
547010,52
579110,207
-1,0
-1,0
232536,457
