395492,1993,137804680
605579,92,6834269
572028,91,6080788
899898,93,7383804
745350,96,10371374
744600,94,8724792
1002854,72,968143
659162,95,9129204
653008,88,4661434
257663,96,9807885
1016369,74,1123773
589635,82,2586889
179081,99,13142789
733472,77,1562629
509853,80,2185572
41229,99,15123709
710833,74,1152114
539116,78,1666721
80922,99,13924105
790364,80,2125658
231191,99,13367152
519401,72,966625
528113,79,1951908
405481,84,2963343
-1,-1
-1,-1
-1,-1
-1,-1
-1,-1
-1,-1
1433797,7
-1,-1
-1,-1
1016529,4
1003764,3
-1,-1
-1,-1
-1,-1
-1,-1
76270,1285
844543,11
-1,-1
-1,-1
-1,-1
-1,-1
-1,-1
-1,-1
-1,-1
71234,637
-1,-1
-1,-1
-1,-1
-1,-1
282923,12
-1,-1
-1,-1
-1,-1
-1,-1
-1,-1
-1,-1
433218,8
410018,73
363583,24
-1,-1
-1,-1
-1,-1
320267,60
-1,-1
-1,-1
272656,43
223990,39
-1,-1
-1,-1
-1,-1
281113,14
-1,-1
-1,-1
-1,-1
-1,-1
-1,-1
-1,-1
-1,-1
-1,-1
-1,-1
-1,-1
-1,-1
-1,-1
-1,-1
347453,71
148381,24
-1,-1
-1,-1
-1,-1
-1,-1
-1,-1
-1,-1
-1,-1
-1,-1
203857,18
-1,-1
-1,-1
-1,-1
-1,-1
-1,-1
-1,-1
508013,56
231663,535
-1,-1
184307,49
-1,-1
