447141,1994,137868618
645973,92,6834269
608358,91,6080788
963848,93,7383804
790411,96,10371374
788378,94,8724792
1062487,72,968143
694038,95,9129264
681880,88,4661434
277962,96,9871763
1069272,74,1123773
620304,82,2586889
189658,99,13142789
780376,77,1562629
544706,80,2185572
45125,99,15123709
753879,74,1152114
574054,78,1666721
86176,99,13924105
825971,80,2125658
248578,99,13367152
554582,72,966625
560121,79,1951908
441175,84,2963343
-1,1,0
-1,0
-1,0
-1,0
-1,0
-1,0
-1,0
-1,0
1506871,7
-1,0
-1,0
1060587,4
1048743,3
-1,0
-1,0
-1,0
-1,2500
76960,1285
934032,11
-1,0
-1,193
-1,0
-1,0
-1,0
-1,0
-1,0
73237,637
-1,0
-1,0
-1,0
-1,0
294732,12
-1,0
-1,0
-1,0
-1,0
-1,0
-1,0
452909,8
437778,73
379292,24
-1,0
-1,0
-1,0
329534,60
-1,1
-1,0
291862,43
237649,39
-1,0
-1,0
-1,0
296830,14
-1,0
-1,0
-1,0
-1,0
-1,0
-1,0
-1,0
-1,0
-1,0
-1,0
-1,0
-1,0
-1,0
-1,0
394561,71
158319,24
-1,1
-1,0
-1,0
-1,0
-1,0
-1,0
-1,0
-1,0
220435,18
-1,0
-1,0
-1,1
-1,0
-1,0
-1,0
532780,56
243918,535
-1,0
195622,49
-1,1
