336139,1989,135839165
526117,92,6834265
498102,91,6080788
805285,92,7066844
655672,96,10265819
652447,94,8724620
869956,72,968143
565393,95,9128743
670525,85,3278974
212594,96,9688412
916028,74,1123773
524635,82,2586889
152727,99,13140789
633645,77,1557619
433154,80,2185572
31415,99,15123709
615751,74,1150811
452560,78,1659218
65103,99,13905065
704641,80,2125658
192768,99,13367152
433245,72,966625
446658,79,1947134
333314,84,2962543
-1,-1
-1,-1
-1,-1
-1,-1
-1,-1
-1,-1
1283814,7
-1,-1
-1,-1
934195,4
911751,3
-1,-1
-1,-1
-1,-1
-1,-1
62364,1285
653755,11
-1,-1
-1,-1
-1,-1
-1,-1
-1,-1
62607,637
-1,-1
-1,-1
-1,-1
-1,-1
254414,12
-1,-1
-1,-1
-1,-1
-1,-1
-1,-1
-1,-1
387099,8
359697,73
326241,24
-1,-1
-1,-1
294808,60
-1,-1
-1,-1
231069,43
191924,39
-1,-1
-1,-1
-1,-1
242062,14
-1,-1
-1,-1
-1,-1
-1,-1
-1,-1
-1,-1
-1,-1
-1,-1
-1,-1
-1,-1
-1,-1
-1,-1
-1,-1
277409,71
127553,24
-1,-1
-1,-1
-1,-1
-1,-1
-1,-1
-1,-1
165511,18
-1,-1
-1,-1
-1,-1
-1,-1
-1,-1
-1,-1
446270,56
201439,535
155841,49
-1,-1
