374103,2079,173326889
480639,99,13045082
439889,99,13034753
755189,99,13037270
513599,99,18098567
671026,99,13035486
1141849,72,968143
736986,95,9279863
726387,88,4662231
284034,98,12971589
1056900,75,1298808
662000,82,2592918
204070,99,13142789
786446,79,1831174
594561,80,2186892
42713,99,15805327
811312,74,1184484
624116,78,1666721
91870,99,13924105
878885,80,2165658
276549,99,13369445
601039,72,971625
606247,79,1957887
489300,84,2963843
460252,52,132229
-1,0
-1,0
-1,0
-1,0
-1,0
-1,0
-1,0
1604488,7
-1,0
-1,0
1118371,4
1106202,3
-1,0
-1,0
-1,0
-1,2500
80193,1285
1037452,11
-1,0
-1,194
-1,0
-1,0
-1,0
-1,0
-1,0
77318,637
-1,0
-1,0
-1,0
-1,0
-1,0
314715,12
-1,0
-1,0
-1,0
-1,0
-1,0
-1,0
483479,8
472316,73
403943,24
-1,0
-1,0
-1,0
346101,60
-1,1
-1,0
321439,43
257958,39
-1,0
-1,0
-1,0
319633,14
521702,5
-1,0
-1,0
-1,0
-1,0
-1,0
-1,0
-1,0
-1,0
-1,0
-1,0
-1,0
-1,0
-1,0
-1,0
443496,71
170646,24
-1,1
-1,0
-1,0
-1,0
-1,0
-1,0
-1,0
-1,0
247946,18
-1,0
-1,0
-1,1
-1,0
-1,0
-1,0
573046,56
254976,535
-1,0
214238,49
-1,1
