437208,2022,138591987
673362,92,6834269
633850,91,6080788
986796,93,7660072
818947,96,10463290
816779,94,8724792
1103936,72,968143
723597,95,9129625
702673,88,4661512
292849,96,9957063
1103313,74,1123773
639701,82,2587890
196297,99,13142789
757355,79,1819674
567964,80,2186572
47776,99,15123709
784630,74,1152114
596977,78,1666721
88199,99,13924105
853417,80,2125658
261668,99,13367152
575754,72,966625
581082,79,1951908
464844,84,2963343
536187,27,10400
-1,0
-1,0
-1,0
-1,0
-1,0
-1,0
-1,0
1553446,7
-1,0
-1,0
1088869,4
1076189,3
-1,0
-1,0
-1,0
-1,2500
78365,1285
983770,11
-1,0
-1,193
-1,0
-1,0
-1,0
-1,0
-1,0
74848,637
-1,0
-1,0
-1,0
-1,0
-1,0
304082,12
-1,0
-1,0
-1,0
-1,0
-1,0
-1,0
466393,8
453203,73
390178,24
-1,0
-1,0
-1,0
336878,60
-1,1
-1,0
305068,43
246705,39
-1,0
-1,0
-1,0
307515,14
-1,0
-1,0
-1,0
-1,0
-1,0
-1,0
-1,0
-1,0
-1,0
-1,0
-1,0
-1,0
-1,0
-1,0
417535,71
163930,24
-1,1
-1,0
-1,0
-1,0
-1,0
-1,0
-1,0
-1,0
232211,18
-1,0
-1,0
-1,1
-1,0
-1,0
-1,0
550644,56
249638,535
-1,0
203718,49
-1,1
