327108,1988,135584626
514323,92,6834265
486668,91,6080788
788484,92,7066844
641066,96,10265819
638090,94,8724620
852432,72,956323
548709,95,9128683
657750,85,3278974
207468,95,9445753
899717,74,1123773
514151,82,2586889
149085,99,13140789
617917,77,1557619
420525,80,2185572
30053,99,15123709
599708,74,1150811
440181,78,1659218
61820,99,13905065
690320,80,2125658
184542,99,13367152
421880,72,966625
432205,79,1947134
321538,84,2962543
-1,-1
-1,-1
-1,-1
-1,-1
-1,-1
-1,-1
1257668,7
-1,-1
-1,-1
920406,4
895717,3
-1,-1
-1,-1
-1,-1
-1,-1
67898,1285
623661,11
-1,-1
-1,-1
-1,-1
-1,-1
61266,637
-1,-1
-1,-1
-1,-1
-1,-1
248835,12
-1,-1
-1,-1
-1,-1
-1,-1
-1,-1
-1,-1
378394,8
351891,73
319149,24
-1,-1
-1,-1
290158,60
-1,-1
-1,-1
224517,43
186404,39
-1,-1
-1,-1
-1,-1
235244,14
-1,-1
-1,-1
-1,-1
-1,-1
-1,-1
-1,-1
-1,-1
-1,-1
-1,-1
-1,-1
-1,-1
-1,-1
-1,-1
266895,71
123309,24
-1,-1
-1,-1
-1,-1
-1,-1
-1,-1
-1,-1
159498,18
-1,-1
-1,-1
-1,-1
-1,-1
-1,-1
-1,-1
436797,56
197314,535
150043,49
-1,-1
