358449,1989,135839165
551450,92,6834265
522130,91,6080788
841884,92,7066844
686271,96,10265819
682122,94,8724620
912051,72,968143
596195,95,9128743
700045,85,3278974
227462,96,9688412
949226,74,1123773
546584,82,2586889
162175,99,13140789
668675,77,1557619
459182,80,2185572
34651,99,15123709
649098,74,1150811
484935,78,1659218
71306,99,13905065
734532,80,2125658
205995,99,13367152
460010,72,966625
473526,79,1947134
357602,84,2962543
-1,-1
-1,-1
-1,-1
-1,-1
-1,-1
-1,-1
1334232,7
-1,-1
-1,-1
961308,4
942996,3
-1,-1
-1,-1
-1,-1
-1,-1
67559,1285
714886,11
-1,-1
-1,-1
-1,-1
-1,-1
-1,-1
-1,-1
65305,637
-1,-1
-1,-1
-1,-1
-1,-1
266434,12
-1,-1
-1,-1
-1,-1
-1,-1
-1,-1
-1,-1
403280,8
376022,73
339258,24
-1,-1
-1,-1
304246,60
-1,-1
-1,-1
245012,43
202215,39
-1,-1
-1,-1
-1,-1
254957,14
-1,-1
-1,-1
-1,-1
-1,-1
-1,-1
-1,-1
-1,-1
-1,-1
-1,-1
-1,-1
-1,-1
-1,-1
-1,-1
298834,71
135321,24
-1,-1
-1,-1
-1,-1
-1,-1
-1,-1
-1,-1
-1,-1
177315,18
-1,-1
-1,-1
-1,-1
-1,-1
-1,-1
-1,-1
466552,56
212163,535
166010,49
-1,-1
