415087,1993,137804680
633726,92,6834269
596979,91,6080788
944347,93,7383804
775605,96,10371374
772742,94,8724792
1042613,72,968143
681261,95,9129204
672591,88,4661434
271262,96,9807885
1051986,74,1123773
609494,82,2586889
186163,99,13142789
765220,77,1562629
532017,80,2185572
43603,99,15123709
739451,74,1152114
563032,78,1666721
83636,99,13924105
814769,80,2125658
243364,99,13367152
542665,72,966625
549240,79,1951908
427295,84,2963343
-1,-1
-1,-1
-1,-1
-1,-1
-1,-1
-1,-1
-1,-1
1488374,7
-1,-1
-1,-1
1048745,4
1037296,3
-1,-1
-1,-1
-1,-1
-1,-1
76436,1285
909053,11
-1,-1
-1,-1
-1,-1
-1,-1
-1,-1
-1,-1
-1,-1
72612,637
-1,-1
-1,-1
-1,-1
-1,-1
291008,12
-1,-1
-1,-1
-1,-1
-1,-1
-1,-1
-1,-1
447692,8
430880,73
375239,24
-1,-1
-1,-1
-1,-1
326716,60
-1,-1
-1,-1
285736,43
234119,39
-1,-1
-1,-1
-1,-1
292620,14
-1,-1
-1,-1
-1,-1
-1,-1
-1,-1
-1,-1
-1,-1
-1,-1
-1,-1
-1,-1
-1,-1
-1,-1
-1,-1
374774,71
155658,24
-1,-1
-1,-1
-1,-1
-1,-1
-1,-1
-1,-1
-1,-1
-1,-1
215849,18
-1,-1
-1,-1
-1,-1
-1,-1
-1,-1
-1,-1
525988,56
239363,535
-1,-1
191808,49
-1,-1
