299754,1959,116361491
444421,92,6832860
421182,91,6079382
693726,92,7015204
556971,96,10232591
554288,94,8685850
732938,72,924646
509325,94,8445041
660394,81,2328404
264234,88,4699376
801637,74,1123699
452340,82,2561104
123636,99,13140654
509403,77,1557019
344455,80,2185572
317441,82,2584188
509401,74,1147111
364872,78,1648903
48644,99,13903976
614551,80,2116057
149608,99,13339248
357217,72,920665
356501,79,1931608
258695,84,2958333
-1,-1
-1,-1
-1,-1
-1,-1
-1,-1
1111568,7
-1,-1
-1,-1
840038,4
811463,3
-1,-1
-1,-1
-1,-1
-1,-1
50069,1285
435721,11
-1,-1
-1,-1
-1,-1
52828,634
-1,-1
-1,-1
-1,-1
-1,-1
206352,12
-1,-1
-1,-1
-1,-1
-1,-1
-1,-1
-1,-1
317415,8
307807,73
274915,24
-1,-1
-1,-1
251124,60
-1,-1
-1,-1
184322,43
153625,39
-1,-1
-1,-1
-1,-1
196802,14
-1,-1
-1,-1
-1,-1
-1,-1
-1,-1
-1,-1
-1,-1
-1,-1
-1,-1
-1,-1
201834,71
92492,24
-1,-1
-1,-1
-1,-1
-1,-1
-1,-1
-1,-1
110509,18
-1,-1
-1,-1
-1,-1
-1,-1
-1,-1
-1,-1
382104,56
166960,535
124031,49
-1,-1
