306851,1981,127215938
481496,92,6834265
455388,91,6080788
743331,92,7066844
601741,96,10265819
601060,94,8724620
790513,72,956323
507272,95,9120532
620395,85,3278974
236324,91,6420507
854774,74,1123773
489289,82,2561104
137509,99,13140789
570062,77,1557619
385958,80,2185572
118437,96,9815686
556424,74,1149331
399419,78,1659215
55260,99,13905065
654380,80,2125658
167564,99,13367152
388473,72,966625
390218,79,1947134
289747,84,2962543
-1,-1
-1,-1
-1,-1
-1,-1
-1,-1
-1,-1
1185043,7
-1,-1
-1,-1
879561,4
851163,3
-1,-1
-1,-1
-1,-1
-1,-1
56480,1285
540574,11
-1,-1
-1,-1
-1,-1
57333,637
-1,-1
-1,-1
-1,-1
-1,-1
229620,12
-1,-1
-1,-1
-1,-1
-1,-1
-1,-1
-1,-1
352328,8
329533,73
298345,24
-1,-1
-1,-1
273296,60
-1,-1
-1,-1
206173,43
171207,39
-1,-1
-1,-1
-1,-1
219372,14
-1,-1
-1,-1
-1,-1
-1,-1
-1,-1
-1,-1
-1,-1
-1,-1
-1,-1
-1,-1
-1,-1
237330,71
110454,24
-1,-1
-1,-1
-1,-1
-1,-1
-1,-1
-1,-1
139041,18
-1,-1
-1,-1
-1,-1
-1,-1
-1,-1
-1,-1
411715,56
183659,535
135511,49
-1,-1
