306221,1974,122342450
470672,92,6834265
445358,91,6080788
728581,92,7066216
588261,96,10265611
587765,94,8724620
775060,72,945103
494354,95,9110169
607080,85,3278974
227212,91,6420507
839972,74,1123773
479508,82,2561104
133600,99,13140789
553708,77,1557619
374322,80,2185572
203248,89,4975850
542550,74,1149331
389118,78,1659202
54025,99,13905065
642525,80,2125658
161483,99,13367152
380454,72,955405
380213,79,1947134
279855,84,2962543
-1,-1
-1,-1
-1,-1
-1,-1
-1,-1
-1,-1
1164308,7
-1,-1
-1,-1
868458,4
840120,3
-1,-1
-1,-1
-1,-1
-1,-1
55010,1285
512361,11
-1,-1
-1,-1
-1,-1
55857,637
-1,-1
-1,-1
-1,-1
-1,-1
223189,12
-1,-1
-1,-1
-1,-1
-1,-1
-1,-1
-1,-1
343859,8
323199,73
292195,24
-1,-1
-1,-1
266956,60
-1,-1
-1,-1
199797,43
166277,39
-1,-1
-1,-1
-1,-1
213409,14
-1,-1
-1,-1
-1,-1
-1,-1
-1,-1
-1,-1
-1,-1
-1,-1
-1,-1
-1,-1
227425,71
106095,24
-1,-1
-1,-1
-1,-1
-1,-1
-1,-1
-1,-1
132254,18
-1,-1
-1,-1
-1,-1
-1,-1
-1,-1
-1,-1
402558,56
179002,535
132410,49
-1,-1
