365193,1989,135839165
558992,92,6834265
529280,91,6080788
852531,92,7066844
695377,96,10265819
691003,94,8724620
925361,72,968143
604630,95,9128743
708433,85,3278974
233074,96,9688412
958291,74,1123773
553432,82,2586889
164782,99,13140789
678521,77,1557619
466865,80,2185572
35631,99,15123709
658146,74,1150811
493596,78,1659218
72167,99,13905065
743309,80,2125658
209925,99,13367152
468442,72,966625
481324,79,1947134
365278,84,2962543
-1,-1
-1,-1
-1,-1
-1,-1
-1,-1
-1,-1
1349582,7
-1,-1
-1,-1
969515,4
952378,3
-1,-1
-1,-1
-1,-1
-1,-1
67958,1285
734011,11
-1,-1
-1,-1
-1,-1
-1,-1
-1,-1
-1,-1
-1,-1
66120,637
-1,-1
-1,-1
-1,-1
-1,-1
269541,12
-1,-1
-1,-1
-1,-1
-1,-1
-1,-1
-1,-1
407905,8
380840,73
343007,24
-1,-1
-1,-1
307031,60
-1,-1
-1,-1
249539,43
205448,39
-1,-1
-1,-1
-1,-1
258914,14
-1,-1
-1,-1
-1,-1
-1,-1
-1,-1
-1,-1
-1,-1
-1,-1
-1,-1
-1,-1
-1,-1
-1,-1
-1,-1
305455,71
137596,24
-1,-1
-1,-1
-1,-1
-1,-1
-1,-1
-1,-1
-1,-1
-1,-1
181006,18
-1,-1
-1,-1
-1,-1
-1,-1
-1,-1
-1,-1
473091,56
214986,535
169032,49
-1,-1
