606620,1793,64343458
537316,90,5704593
509171,90,5425669
915826,89,5140837
596600,96,10315399
540306,96,10137754
626857,76,1440797
794449,89,4978384
1195438,70,787094
1013889,72,910209
1034379,70,756061
1407441,64,435430
1016205,75,1212109
803019,72,941652
758410,71,875118
650177,75,1290619
666210,70,803123
404971,78,1632128
574259,74,1125330
757312,77,1529703
676876,77,1502273
739433,60,278784
655071,71,858142
105916,91,6262250
-1,-1
-1,-1
-1,-1
-1,-1
-1,-1
-1,-1
770664,26
801444,3
715772,5
1096247,2
596868,14
489290,2
-1,-1
-1,-1
-1,-1
-1,-1
568937,8
-1,-1
-1,-1
-1,-1
503361,70
-1,-1
-1,-1
96699,25
-1,-1
-1,-1
-1,-1
-1,-1
158669,25
-1,-1
-1,-1
223727,25
-1,-1
-1,-1
-1,-1
-1,-1
-1,-1
352768,20
281829,37
234816,22
-1,-1
173348,36
530800,15
-1,-1
-1,-1
160619,41
-1,-1
-1,-1
-1,-1
-1,-1
-1,-1
112640,15
195110,28
-1,-1
80408,17
-1,-1
-1,-1
582172,6
191262,8
-1,-1
-1,-1
-1,-1
-1,-1
-1,-1
-1,-1
96557,41
-1,-1
-1,-1
-1,-1
-1,-1
-1,-1
-1,-1
248033,233
956965,52
-1,-1
-1,-1
