649202,1793,64825448
570285,90,5704992
540675,90,5426004
963060,89,5173678
627849,96,10433226
563155,96,10457981
674106,76,1440797
843302,89,4986337
1262442,70,787094
1072990,72,910809
1083443,70,756061
1470949,64,435430
1085484,75,1212109
855319,72,941652
813796,71,875118
708281,75,1290619
715392,70,803123
442592,78,1632128
620968,74,1125367
792656,77,1530473
722328,77,1502374
793522,60,279684
715158,71,858142
118379,91,6262250
-1,-1
-1,-1
-1,-1
-1,-1
-1,-1
-1,-1
815644,26
854785,3
749276,5
1137294,2
626406,14
514046,2
-1,-1
-1,-1
-1,-1
-1,-1
647819,8
-1,-1
-1,-1
-1,-1
-1,-1
526718,70
-1,-1
-1,-1
119528,25
-1,-1
-1,-1
-1,-1
-1,-1
171379,25
-1,-1
-1,-1
243552,25
-1,-1
-1,-1
-1,-1
-1,-1
-1,-1
373778,20
301843,37
255081,22
-1,-1
187043,36
558625,15
-1,-1
-1,-1
170796,41
-1,-1
-1,-1
-1,-1
-1,-1
-1,-1
-1,-1
136015,15
210780,28
-1,-1
171841,21
-1,-1
-1,-1
-1,-1
656048,6
214486,8
-1,-1
-1,-1
-1,-1
-1,-1
-1,-1
-1,-1
108757,41
-1,-1
-1,-1
-1,-1
-1,-1
-1,-1
-1,-1
261157,233
1016545,52
-1,-1
-1,-1
