584994,1852,85045281
572873,91,6299885
426427,94,8350778
885281,91,6327904
505217,99,14435771
407587,99,14498315
463147,80,2104071
804202,91,6333388
1204767,71,880780
1111083,72,943531
1139388,70,758460
1288493,68,648450
1025218,76,1430546
713752,76,1369638
372293,84,2991856
651571,78,1680210
639197,74,1172369
469261,78,1694016
609046,75,1273230
670641,82,2539736
741000,78,1725277
774751,62,341832
725699,72,936724
133551,91,6308514
-1,-1
-1,-1
-1,-1
-1,-1
-1,-1
-1,-1
487981,93
341649,13
522926,10
724475,9
456398,38
204248,20
289770,3
-1,-1
-1,-1
187520,253
740394,8
-1,-1
-1,-1
-1,-1
23726,58
-1,-1
-1,-1
558282,70
-1,-1
-1,-1
125316,43
-1,-1
-1,-1
-1,-1
-1,-1
187371,25
-1,-1
-1,-1
269053,25
295180,43
329363,100
291391,44
-1,-1
-1,-1
393770,20
325712,37
189892,67
678358,5
204042,36
590332,15
-1,-1
-1,-1
186841,42
88413,56
203220,1
-1,-1
-1,-1
-1,-1
-1,-1
162843,15
231852,28
-1,-1
229199,21
503158,6
-1,-1
132409,5
725630,8
238485,9
129258,137
38093,55
-1,-1
-1,-1
-1,-1
-1,-1
-1,-1
120222,41
-1,-1
-1,-1
-1,-1
-1,-1
-1,-1
128433,28
116961,688
1083439,53
-1,-1
-1,-1
