627248,1777,61215988
531366,90,5704593
510138,90,5393140
919448,89,4946443
610037,96,9868024
577100,95,9029161
703855,74,1120692
789832,89,4924691
1184442,70,786909
1035339,71,877447
1034798,70,750727
1395662,64,435430
1243588,68,666013
795363,72,936317
748186,71,875118
795297,72,990738
656872,70,803103
399332,78,1632118
569010,74,1120322
755892,77,1506133
667896,77,1502262
791646,58,230060
646575,71,858067
103437,91,6258480
-1,-1
-1,-1
-1,-1
-1,-1
-1,-1
-1,-1
763128,26
791966,3
710683,5
1090152,2
592081,14
484972,2
-1,-1
-1,-1
-1,-1
-1,-1
-1,-1
-1,-1
-1,-1
-1,-1
501013,69
-1,-1
-1,-1
92448,25
-1,-1
-1,-1
-1,-1
-1,-1
156089,25
-1,-1
-1,-1
219999,25
-1,-1
-1,-1
-1,-1
-1,-1
-1,-1
347857,20
277169,37
230833,22
-1,-1
170561,36
524184,15
-1,-1
-1,-1
158521,41
-1,-1
-1,-1
-1,-1
-1,-1
-1,-1
108482,15
191494,28
-1,-1
-1,-1
-1,-1
566299,6
186361,8
-1,-1
-1,-1
-1,-1
-1,-1
-1,-1
-1,-1
94072,41
-1,-1
-1,-1
-1,-1
-1,-1
-1,-1
-1,-1
257669,212
1114435,24
-1,-1
-1,-1
