611812,1852,85046704
595579,91,6300185
444366,94,8351078
918625,91,6328336
527120,99,14436116
425592,99,14498315
486047,80,2104075
835586,91,6333420
1244455,71,880780
1153224,72,943531
1172687,70,758460
1326567,68,648450
1062159,76,1430546
743288,76,1369638
391438,84,2991856
687643,78,1680210
665661,74,1172369
493820,78,1694016
639470,75,1273240
694374,82,2539736
771588,78,1725277
811194,62,341832
762086,72,936724
142935,91,6308514
-1,-1
-1,-1
-1,-1
-1,-1
-1,-1
-1,-1
505256,93
358512,13
537638,10
740009,9
470343,38
212121,20
296855,3
-1,-1
-1,-1
197526,253
792552,8
-1,-1
-1,-1
-1,-1
-1,-1
35650,58
-1,-1
-1,-1
574381,70
-1,-1
-1,-1
136991,43
-1,-1
-1,-1
-1,-1
-1,-1
195519,25
-1,-1
-1,-1
282208,25
304053,43
341297,100
299664,44
-1,-1
-1,-1
404086,20
339517,37
197996,67
702913,5
213245,36
607021,15
-1,-1
-1,-1
196248,42
115131,56
205380,1
-1,-1
-1,-1
-1,-1
-1,-1
177095,15
245512,28
-1,-1
260787,21
518491,6
-1,-1
144243,5
770136,8
250163,9
138157,137
52710,55
-1,-1
-1,-1
-1,-1
-1,-1
-1,-1
-1,-1
126699,41
-1,-1
-1,-1
-1,-1
-1,-1
-1,-1
135084,28
122168,688
1121824,53
-1,-1
-1,-1
