570093,1774,60448087
487170,90,5704593
467970,90,5393140
890679,87,4379969
564726,95,9679417
522404,95,9029161
628846,74,1120629
714847,89,4912209
1094802,70,786909
937135,71,877447
964738,70,750727
1302191,64,435430
1129834,68,666013
712296,72,936317
671285,71,875068
699442,72,990738
590463,70,802924
356756,78,1632118
502320,74,1120276
704882,77,1506133
602836,77,1502262
701037,58,230060
583460,71,858067
88157,91,6258480
-1,-1
-1,-1
-1,-1
-1,-1
-1,-1
706859,26
730293,3
674148,5
1043753,2
555868,14
454148,2
-1,-1
-1,-1
-1,-1
-1,-1
-1,-1
-1,-1
-1,-1
-1,-1
466100,69
-1,-1
-1,-1
-1,-1
-1,-1
-1,-1
-1,-1
-1,-1
134160,25
-1,-1
-1,-1
186216,25
-1,-1
-1,-1
-1,-1
-1,-1
306354,20
246916,37
200655,22
-1,-1
149889,36
458517,15
-1,-1
-1,-1
144364,41
-1,-1
-1,-1
-1,-1
-1,-1
-1,-1
71403,15
162963,28
-1,-1
-1,-1
-1,-1
417221,6
135848,8
-1,-1
-1,-1
-1,-1
-1,-1
72738,41
-1,-1
-1,-1
-1,-1
-1,-1
-1,-1
237644,212
973154,24
-1,-1
-1,-1
