594257,1852,85046704
580326,91,6300185
432328,94,8351078
896859,91,6328336
512486,99,14436116
413200,99,14498315
471049,80,2104075
815298,91,6333420
1219142,71,880780
1127234,72,943531
1151667,70,758460
1302827,68,648450
1038446,76,1430546
724728,76,1369638
379488,84,2991856
665182,78,1680210
648558,74,1172369
478402,78,1694016
620038,75,1273240
678845,82,2539736
751853,78,1725277
787942,62,341832
738897,72,936724
136797,91,6308514
-1,-1
-1,-1
-1,-1
-1,-1
-1,-1
-1,-1
493465,93
347139,13
527254,10
728864,9
460680,38
206433,20
291635,3
-1,-1
-1,-1
189215,253
759730,8
-1,-1
-1,-1
-1,-1
27251,58
-1,-1
-1,-1
563401,70
-1,-1
-1,-1
128899,43
-1,-1
-1,-1
-1,-1
-1,-1
190020,25
-1,-1
-1,-1
273315,25
297905,43
333045,100
293914,44
-1,-1
-1,-1
397040,20
330316,37
192305,67
686671,5
206940,36
596260,15
-1,-1
-1,-1
189603,42
95117,56
203633,1
-1,-1
-1,-1
-1,-1
-1,-1
167152,15
235919,28
-1,-1
239703,21
507935,6
-1,-1
136031,5
741014,8
242367,9
132085,137
42031,55
-1,-1
-1,-1
-1,-1
-1,-1
-1,-1
122121,41
-1,-1
-1,-1
-1,-1
-1,-1
-1,-1
130380,28
118682,688
1097197,53
-1,-1
-1,-1
