628196,1859,89772785
617644,91,6396741
462561,94,8470431
867919,93,7634086
518303,99,15371992
398506,99,15610570
506869,80,2137592
851681,92,6686296
1288586,71,884590
1194958,72,948999
1207987,70,760350
1368502,68,650770
1078086,77,1539523
771608,76,1388193
370060,85,3363275
725694,78,1689561
697368,74,1173751
521736,78,1695733
675014,75,1273240
699234,83,2726186
809039,78,1725642
814365,63,386053
805466,72,937353
153617,91,6321858
-1,-1
-1,-1
-1,-1
-1,-1
-1,-1
-1,-1
526414,93
380098,13
557585,10
760885,9
487282,38
223442,20
308086,3
-1,-1
-1,-1
209605,253
828890,11
-1,-1
-1,-1
-1,-1
-1,-1
48630,58
-1,-1
-1,-1
597513,70
-1,-1
-1,-1
149517,43
-1,-1
-1,-1
-1,-1
-1,-1
201100,26
-1,-1
-1,-1
292648,26
314946,43
334017,114
309796,44
-1,-1
132291,41
414242,20
354240,37
197747,75
733724,5
224924,36
624847,15
-1,-1
-1,-1
207945,42
152496,56
210006,1
-1,-1
-1,-1
-1,-1
-1,-1
169580,35
262614,28
-1,-1
301913,21
539428,6
-1,-1
156830,5
832174,8
262922,9
144942,145
57510,72
-1,-1
-1,-1
-1,-1
-1,-1
-1,-1
-1,-1
106031,58
-1,-1
-1,-1
-1,-1
-1,-1
-1,-1
142743,28
123098,712
1158323,54
-1,-1
-1,-1
476498,11
