592467,1776,60714385
504720,90,5704593
485194,90,5393140
902110,88,4576500
584957,96,9744839
545411,95,9029161
661459,74,1120692
746420,89,4916491
1130779,70,786909
980651,71,877447
993440,70,750727
1340203,64,435430
1178120,68,666013
744861,72,936317
703148,71,875068
733092,72,990738
618082,70,802924
374286,78,1632118
525975,74,1120276
726079,77,1506133
628967,77,1502262
739193,58,230060
610487,71,858067
93816,91,6258480
-1,-1
-1,-1
-1,-1
-1,-1
-1,-1
730376,26
754410,3
689066,5
1062842,2
571681,14
467630,2
-1,-1
-1,-1
-1,-1
-1,-1
-1,-1
-1,-1
-1,-1
-1,-1
481890,69
-1,-1
-1,-1
67567,25
-1,-1
-1,-1
-1,-1
-1,-1
144186,25
-1,-1
-1,-1
201468,25
-1,-1
-1,-1
-1,-1
-1,-1
-1,-1
325862,20
259684,37
214479,22
-1,-1
158772,36
491089,15
-1,-1
-1,-1
150854,41
-1,-1
-1,-1
-1,-1
-1,-1
-1,-1
89673,15
175886,28
-1,-1
-1,-1
-1,-1
489998,6
162086,8
-1,-1
-1,-1
-1,-1
-1,-1
-1,-1
-1,-1
81738,41
-1,-1
-1,-1
-1,-1
-1,-1
-1,-1
-1,-1
247637,212
1037060,24
-1,-1
-1,-1
