606934,1792,63638803
536007,90,5704593
507993,90,5425669
917858,89,5079224
603157,96,10141883
556725,95,9678357
625499,76,1440782
793675,89,4969494
1193543,70,787094
1011692,72,910209
1032824,70,756061
1405380,64,435430
1013921,75,1212109
801312,72,941652
756567,71,875118
648310,75,1290619
664660,70,803123
404060,78,1632128
573078,74,1125330
756132,77,1529703
675450,77,1502273
740639,60,277584
653629,71,858118
105545,91,6262250
-1,-1
-1,-1
-1,-1
-1,-1
-1,-1
-1,-1
769383,26
799721,3
714916,5
1095222,2
596136,14
488532,2
-1,-1
-1,-1
-1,-1
-1,-1
566305,8
-1,-1
-1,-1
-1,-1
502668,70
-1,-1
-1,-1
95988,25
-1,-1
-1,-1
-1,-1
-1,-1
158212,25
-1,-1
-1,-1
223079,25
-1,-1
-1,-1
-1,-1
-1,-1
-1,-1
351967,20
281084,37
234177,22
-1,-1
172907,36
529781,15
-1,-1
-1,-1
160283,41
-1,-1
-1,-1
-1,-1
-1,-1
-1,-1
111842,15
194452,28
-1,-1
-1,-1
-1,-1
579684,6
190368,8
-1,-1
-1,-1
-1,-1
-1,-1
-1,-1
-1,-1
96111,41
-1,-1
-1,-1
-1,-1
-1,-1
-1,-1
-1,-1
247611,233
955142,52
-1,-1
-1,-1
