634140,1793,64825448
559536,90,5704992
530477,90,5426004
946138,89,5173678
615654,96,10433226
551059,96,10457981
656051,76,1440797
825011,89,4986337
1239496,70,787094
1053294,72,910809
1065386,70,756061
1448711,64,435430
1061953,75,1212109
835752,72,941652
795168,71,875118
686312,75,1290619
697532,70,803123
426834,78,1632128
605368,74,1125367
780092,77,1530473
705790,77,1502374
774415,60,279684
696140,71,858142
113336,91,6262250
-1,-1
-1,-1
-1,-1
-1,-1
-1,-1
-1,-1
799622,26
837216,3
737282,5
1122991,2
615151,14
504928,2
-1,-1
-1,-1
-1,-1
-1,-1
620599,8
-1,-1
-1,-1
-1,-1
-1,-1
518241,70
-1,-1
-1,-1
110212,25
-1,-1
-1,-1
-1,-1
-1,-1
166409,25
-1,-1
-1,-1
236021,25
-1,-1
-1,-1
-1,-1
-1,-1
-1,-1
366964,20
294512,37
247698,22
-1,-1
181842,36
549567,15
-1,-1
-1,-1
166955,41
-1,-1
-1,-1
-1,-1
-1,-1
-1,-1
-1,-1
127395,15
205458,28
-1,-1
153517,21
-1,-1
-1,-1
-1,-1
630963,6
205958,8
-1,-1
-1,-1
-1,-1
-1,-1
-1,-1
-1,-1
104457,41
-1,-1
-1,-1
-1,-1
-1,-1
-1,-1
-1,-1
258120,233
996385,52
-1,-1
-1,-1
