704971,1874,99828107
669049,92,6779001
506011,95,8831782
761861,98,12132214
508538,99,17382113
416943,99,16308708
570932,80,2142180
884481,93,7513973
1398110,71,884590
1330910,72,948999
1332363,70,760350
1482544,68,650770
1176426,77,1539523
857174,76,1393542
415118,85,3370693
607101,82,2613172
773057,74,1173751
583004,78,1695789
767984,75,1273240
725460,84,3006939
902899,78,1725642
867501,64,441005
905383,72,937353
176944,91,6322778
-1,1,0
-1,-1
-1,-1
-1,-1
-1,-1
-1,-1
-1,-1
-1,-1
571420,94
439084,13
606094,10
817366,9
520800,38
239786,21
332807,3
-1,-1
-1,-1
220134,253
879570,19
-1,-1
-1,-1
-1,-1
-1,-1
78908,58
-1,-1
-1,-1
648516,70
-1,-1
-1,-1
174487,43
-1,-1
-1,-1
-1,-1
-1,-1
217778,26
-1,-1
-1,-1
318056,26
337894,43
369129,114
331321,44
-1,-1
-1,-1
165878,41
436239,20
380251,37
199848,100
812182,5
248296,36
665029,15
-1,-1
-1,-1
229539,42
232543,56
227393,1
-1,-1
-1,-1
-1,-1
-1,-1
196500,35
294358,28
-1,-1
166722,90
-1,-1
583866,6
-1,-1
179025,5
998355,8
295019,9
170019,145
58390,121
-1,-1
-1,-1
-1,-1
-1,-1
-1,-1
-1,-1
101248,66
155324,16
-1,-1
-1,-1
-1,-1
-1,-1
160818,28
123334,757
1249492,54
-1,-1
317756,11
501343,18
