176447,2071,167188781
650738,86,3655017
1040695,75,1246094
787461,90,5826605
810597,90,5859828
789087,89,5250600
356785,80,2125817
709757,90,5566687
118084,99,13456238
148125,98,12856220
264052,93,7215960
196005,92,6637721
387236,90,5605789
81612,99,13273395
111100,92,6688638
141461,92,6647932
121760,92,6952570
186518,85,3308965
143301,94,8163031
559655,82,2644327
22896,99,24783633
169776,85,3431745
30343,99,13986628
486254,80,2005341
-1,-1
-1,-1
-1,-1
-1,-1
-1,-1
-1,-1
146940,318
27313,109
76322,66
166310,74
277326,67
486302,2
-1,-1
-1,-1
-1,-1
57608,1123
80396,202
-1,-1
-1,-1
-1,-1
555012,51
-1,-1
-1,-1
36381,96
-1,-1
-1,-1
-1,-1
-1,-1
-1,-1
-1,-1
-1,-1
-1,-1
-1,-1
227133,141
-1,-1
-1,-1
-1,-1
-1,-1
-1,-1
-1,-1
7250,254
-1,-1
-1,-1
-1,-1
-1,-1
-1,-1
-1,-1
-1,-1
-1,-1
-1,-1
-1,-1
-1,-1
-1,-1
-1,-1
-1,-1
-1,-1
386223,23
-1,-1
-1,-1
-1,-1
-1,-1
-1,-1
-1,-1
-1,-1
-1,-1
-1,-1
-1,-1
-1,-1
-1,-1
-1,-1
-1,-1
-1,-1
300929,305
-1,-1
-1,-1
