126655,2150,221372461
535126,91,6180538
660824,86,3598009
723886,94,8024306
701367,95,8847509
789965,91,5956456
288071,85,3543405
693724,92,7164567
71988,99,14876583
74165,99,13594298
277110,94,8135999
207863,92,7018286
271327,99,13040455
38696,99,14445557
132893,92,6697563
114971,98,12184932
134878,93,7762579
195380,86,3606870
165491,94,8379695
443353,88,4652910
14227,99,33743662
93850,95,8776453
28121,99,15347442
120305,90,5794387
-1,-1
-1,-1
-1,-1
-1,-1
-1,-1
-1,-1
145509,359
31934,121
80781,73
168722,82
260923,81
518841,2
-1,-1
465698,500
-1,-1
68901,1123
33889,385
-1,-1
-1,-1
-1,-1
-1,-1
597826,51
-1,-1
-1,-1
36845,197
-1,-1
-1,-1
-1,-1
-1,-1
-1,-1
-1,-1
-1,-1
-1,-1
351351,12
133309,296
323228,20
-1,-1
-1,-1
-1,-1
-1,-1
-1,-1
4565,343
-1,-1
-1,-1
362019,344
-1,-1
-1,-1
-1,-1
-1,-1
-1,-1
-1,-1
-1,-1
-1,-1
-1,-1
-1,-1
-1,-1
-1,-1
-1,-1
-1,-1
-1,-1
477024,23
-1,-1
-1,-1
-1,-1
-1,-1
-1,-1
-1,-1
-1,-1
-1,-1
-1,-1
-1,-1
-1,-1
-1,-1
-1,-1
-1,-1
-1,-1
79309,622
-1,-1
-1,-1
