118501,2171,239263122
514867,92,7174796
599573,89,5006924
677348,95,9684029
631790,97,10811005
781583,91,6457257
288143,86,3854518
626298,94,8424193
62016,99,15677869
77792,99,13622073
274631,95,8969178
207234,93,7427949
284007,99,13040455
29982,99,14804313
129585,94,7963491
87127,99,13165732
144688,93,7816502
177686,87,4185564
174902,94,8406385
395163,90,5873029
14786,99,34518043
93148,96,9789638
30045,99,15521908
118971,92,7068271
-1,-1
-1,-1
-1,-1
-1,-1
-1,-1
-1,-1
138175,397
33888,129
82425,78
165176,89
233073,98
483831,3
-1,-1
493769,500
-1,-1
69301,1123
38058,385
-1,-1
-1,-1
-1,-1
-1,-1
-1,-1
620762,51
-1,-1
-1,-1
46084,197
-1,-1
-1,-1
-1,-1
-1,-1
-1,-1
-1,-1
-1,-1
-1,-1
368948,12
140032,296
338951,20
-1,-1
-1,-1
-1,-1
-1,-1
-1,-1
4529,358
-1,-1
-1,-1
244312,1014
-1,-1
-1,-1
158559,11
-1,-1
-1,-1
-1,-1
-1,-1
-1,-1
-1,-1
-1,-1
-1,-1
138537,50
-1,-1
-1,-1
-1,-1
516650,23
-1,-1
-1,-1
-1,-1
-1,-1
-1,-1
-1,-1
-1,-1
-1,-1
-1,-1
-1,-1
-1,-1
-1,-1
-1,-1
-1,-1
-1,-1
82891,622
-1,-1
-1,-1
