156372,2105,190024187
617584,88,4706076
1081656,75,1247272
790525,91,6220721
804333,91,6437595
801302,90,5438233
357742,81,2325551
727217,90,5872264
125585,99,13457348
86676,99,13312147
268596,93,7716562
201807,92,6806311
316851,95,9430889
53086,99,13848186
121684,92,6692313
121163,95,9147021
124011,93,7621673
198109,85,3322897
152198,94,8379622
550383,84,2977713
18309,99,28597165
111303,91,5906668
26413,99,14789824
109356,90,5770136
-1,-1
-1,-1
-1,-1
-1,-1
-1,-1
-1,-1
136043,359
27931,121
74315,73
160844,82
249573,81
499206,2
-1,-1
437803,500
-1,-1
62272,1123
59265,259
-1,-1
-1,-1
-1,-1
574591,51
-1,-1
-1,-1
28885,197
-1,-1
-1,-1
-1,-1
-1,-1
-1,-1
-1,-1
-1,-1
-1,-1
-1,-1
146942,256
-1,-1
-1,-1
-1,-1
-1,-1
-1,-1
-1,-1
5622,299
-1,-1
-1,-1
-1,-1
-1,-1
-1,-1
-1,-1
-1,-1
-1,-1
-1,-1
-1,-1
-1,-1
-1,-1
-1,-1
-1,-1
-1,-1
431556,23
-1,-1
-1,-1
-1,-1
-1,-1
-1,-1
-1,-1
-1,-1
-1,-1
-1,-1
-1,-1
-1,-1
-1,-1
-1,-1
-1,-1
-1,-1
231485,477
-1,-1
-1,-1
