121301,2159,228709646
522954,92,6541061
633611,87,4003043
703255,94,8596823
675523,95,9414165
778399,91,6172772
284320,86,3663779
684038,93,7520971
62724,99,15447583
75027,99,13600023
265504,95,8966458
210378,92,7018286
274344,99,13040455
35205,99,14584929
135529,92,6698526
106413,99,13035652
137098,93,7798248
191456,86,3703874
166657,94,8403058
424104,89,5033393
14160,99,34180217
94849,95,8786253
28237,99,15438971
111891,92,7061106
-1,-1
-1,-1
-1,-1
-1,-1
-1,-1
-1,-1
131335,397
30801,129
77461,78
159934,89
224417,98
472705,3
-1,-1
471981,500
-1,-1
71713,1123
34869,385
-1,-1
-1,-1
-1,-1
-1,-1
602279,51
-1,-1
-1,-1
38959,197
-1,-1
-1,-1
-1,-1
-1,-1
-1,-1
-1,-1
-1,-1
-1,-1
355438,12
134812,296
326921,20
-1,-1
-1,-1
-1,-1
-1,-1
-1,-1
4391,352
-1,-1
-1,-1
324262,534
-1,-1
-1,-1
-1,-1
-1,-1
-1,-1
-1,-1
-1,-1
-1,-1
-1,-1
-1,-1
-1,-1
118825,50
-1,-1
-1,-1
-1,-1
485850,23
-1,-1
-1,-1
-1,-1
-1,-1
-1,-1
-1,-1
-1,-1
-1,-1
-1,-1
-1,-1
-1,-1
-1,-1
-1,-1
-1,-1
-1,-1
80071,622
-1,-1
-1,-1
