145246,2122,201626177
591887,90,5362456
851808,80,2065264
805383,91,6232378
775346,92,7136987
779601,90,5804007
366437,81,2337981
729100,91,6081967
128927,99,13457348
73195,99,13549647
268035,94,8135364
202816,92,6934681
263124,99,13040118
51370,99,13956461
126045,92,6697563
113380,97,11012378
128361,93,7695632
194886,85,3425465
157062,94,8379642
519307,85,3445034
17279,99,30063598
114448,91,5906668
25645,99,15116692
113643,90,5788846
-1,-1
-1,-1
-1,-1
-1,-1
-1,-1
-1,-1
140092,359
29633,121
76724,73
164213,82
253934,81
506740,2
-1,-1
448660,500
-1,-1
64117,1123
62932,259
-1,-1
-1,-1
-1,-1
583669,51
-1,-1
-1,-1
32086,197
-1,-1
-1,-1
-1,-1
-1,-1
-1,-1
-1,-1
-1,-1
-1,-1
-1,-1
149935,256
-1,-1
-1,-1
-1,-1
-1,-1
-1,-1
-1,-1
4906,324
-1,-1
-1,-1
-1,-1
-1,-1
-1,-1
-1,-1
-1,-1
-1,-1
-1,-1
-1,-1
-1,-1
-1,-1
-1,-1
-1,-1
-1,-1
-1,-1
450373,23
-1,-1
-1,-1
-1,-1
-1,-1
-1,-1
-1,-1
-1,-1
-1,-1
-1,-1
-1,-1
-1,-1
-1,-1
-1,-1
-1,-1
-1,-1
76491,622
-1,-1
-1,-1
