108116,2220,286708838
566288,94,8342677
557564,92,6615048
695097,98,12699336
598980,99,13973507
786257,94,8272009
320880,88,4691619
607563,96,10180870
57917,99,17319127
91083,99,13777935
306740,95,9642698
140520,99,13045448
332244,99,13041303
25918,99,15234581
150409,95,9573692
70667,99,13889394
139865,99,13034693
102432,99,13038624
204366,95,9188485
381658,93,7566727
16339,99,37358506
109307,98,12391684
34789,99,16162944
150996,93,7667931
-1,-1
-1,-1
-1,-1
-1,-1
-1,-1
-1,-1
81358,721
21547,309
76108,115
121908,150
195321,137
353405,10
-1,-1
430818,503
-1,-1
83830,1123
29586,582
-1,-1
-1,-1
-1,-1
-1,-1
-1,-1
161393,61
-1,-1
710334,51
-1,-1
-1,-1
67800,197
-1,-1
-1,-1
-1,-1
-1,-1
-1,-1
-1,-1
-1,-1
-1,-1
266092,75
108595,416
254232,81
-1,-1
-1,-1
-1,-1
-1,-1
-1,-1
-1,-1
4690,401
-1,-1
-1,-1
169693,1725
-1,-1
-1,-1
133082,100
-1,-1
-1,-1
-1,-1
-1,-1
-1,-1
-1,-1
-1,-1
-1,-1
228181,50
-1,-1
-1,-1
-1,-1
82209,244
-1,-1
-1,-1
-1,-1
-1,-1
153703,94
-1,-1
-1,-1
-1,-1
221975,168
298294,5
-1,-1
-1,-1
238906,5
-1,-1
-1,-1
-1,-1
545470,51
98762,622
-1,-1
-1,-1
-1,-1
