161439,2091,175966439
638494,87,3991913
1054366,75,1246352
775089,91,6116607
806921,91,6068536
796220,89,5328422
347010,81,2282474
717391,90,5636289
120723,99,13456308
123445,99,13060643
265307,93,7370600
200019,92,6637921
395014,90,5605789
67444,99,13473160
114722,92,6692275
129427,93,7565239
118172,93,7502687
191179,85,3309072
145594,94,8206891
559766,83,2720434
22217,99,25494769
134958,87,4294983
29586,99,14153479
103007,90,5751596
-1,-1
-1,-1
-1,-1
-1,-1
-1,-1
-1,-1
150218,318
28691,109
78310,66
169110,74
280732,67
490592,2
-1,-1
-1,-1
-1,-1
59004,1123
67621,229
-1,-1
-1,-1
-1,-1
561920,51
-1,-1
-1,-1
23219,197
-1,-1
-1,-1
-1,-1
-1,-1
-1,-1
-1,-1
-1,-1
-1,-1
-1,-1
230597,141
-1,-1
-1,-1
-1,-1
-1,-1
-1,-1
-1,-1
6724,267
-1,-1
-1,-1
-1,-1
-1,-1
-1,-1
-1,-1
-1,-1
-1,-1
-1,-1
-1,-1
-1,-1
-1,-1
-1,-1
-1,-1
-1,-1
401747,23
-1,-1
-1,-1
-1,-1
-1,-1
-1,-1
-1,-1
-1,-1
-1,-1
-1,-1
-1,-1
-1,-1
-1,-1
-1,-1
-1,-1
-1,-1
307081,305
-1,-1
-1,-1
