168167,2080,169429887
651839,86,3658653
1042399,75,1246102
772912,91,6016429
807231,91,5924239
790209,89,5250600
340375,81,2270524
708828,90,5594042
118474,99,13456308
137491,99,13035343
264739,93,7216180
196233,92,6637921
388150,90,5605789
79602,99,13296370
111592,92,6692275
140447,92,6712509
122275,92,6959716
187148,85,3308965
143518,94,8163031
560918,82,2644327
22810,99,24892445
168551,85,3496861
29978,99,14025052
179224,85,3326206
-1,-1
-1,-1
-1,-1
-1,-1
-1,-1
-1,-1
147395,318
27460,109
76529,66
166653,74
277678,67
486795,2
-1,-1
-1,-1
-1,-1
57795,1123
75968,209
-1,-1
-1,-1
-1,-1
556043,51
-1,-1
-1,-1
20219,197
-1,-1
-1,-1
-1,-1
-1,-1
-1,-1
-1,-1
-1,-1
-1,-1
-1,-1
227622,141
-1,-1
-1,-1
-1,-1
-1,-1
-1,-1
-1,-1
7118,257
-1,-1
-1,-1
-1,-1
-1,-1
-1,-1
-1,-1
-1,-1
-1,-1
-1,-1
-1,-1
-1,-1
-1,-1
-1,-1
-1,-1
-1,-1
388532,23
-1,-1
-1,-1
-1,-1
-1,-1
-1,-1
-1,-1
-1,-1
-1,-1
-1,-1
-1,-1
-1,-1
-1,-1
-1,-1
-1,-1
-1,-1
301693,305
-1,-1
-1,-1
