118746,2170,238246728
512950,92,7174796
597410,89,5006924
674816,95,9684029
629365,97,10811005
778658,91,6457257
287177,86,3854518
622512,94,8424138
61686,99,15677869
77420,99,13622073
273723,95,8966658
206403,93,7427949
283077,99,13040455
33026,99,14704665
128974,94,7963491
95874,99,13092808
143939,93,7816502
179367,87,4118089
174079,94,8406385
392862,90,5873029
14708,99,34518043
96383,95,9015866
29647,99,15521908
118366,92,7068271
-1,-1
-1,-1
-1,-1
-1,-1
-1,-1
-1,-1
137420,397
33530,129
81850,78
164568,89
232102,98
482549,3
-1,-1
491456,500
-1,-1
70207,1123
37612,385
-1,-1
-1,-1
-1,-1
-1,-1
619121,51
-1,-1
-1,-1
45485,197
-1,-1
-1,-1
-1,-1
-1,-1
-1,-1
-1,-1
-1,-1
-1,-1
367734,12
139558,296
337894,20
-1,-1
-1,-1
-1,-1
-1,-1
-1,-1
4491,358
-1,-1
-1,-1
243248,1014
-1,-1
-1,-1
154398,11
-1,-1
-1,-1
-1,-1
-1,-1
-1,-1
-1,-1
-1,-1
-1,-1
136408,50
-1,-1
-1,-1
-1,-1
513135,23
-1,-1
-1,-1
-1,-1
-1,-1
-1,-1
-1,-1
-1,-1
-1,-1
-1,-1
-1,-1
-1,-1
-1,-1
-1,-1
-1,-1
-1,-1
82548,622
-1,-1
-1,-1
