143598,2160,312920349
157811,99,16498594
103588,99,16759612
75026,99,33633003
74094,99,46452431
55507,99,53927633
213819,92,6761712
152972,99,18327369
424215,97,10894694
226942,96,10634508
323016,93,7405687
252694,92,6557925
392860,95,8930211
221468,95,9588507
257508,87,4301117
177430,95,9085521
177411,92,6930354
213458,86,3922962
222102,92,6673557
103748,99,15038790
475905,89,4922747
126625,92,6571559
179593,91,6161073
377831,83,2940783
-1,-1
-1,-1
-1,-1
-1,-1
-1,-1
-1,-1
234553,262
367275,12
494328,11
156864,102
258463,94
208764,20
103523,23
384289,502
-1,-1
173810,308
175318,185
12499,42861
37176,574
41218,668
119998,524
17324,106
36517,581
125505,12
71000,616
264992,5
235905,12
190992,13
230550,152
160013,80
-1,-1
147384,26
16947,291
43561,449
121911,50
249287,28
156637,175
119378,360
147257,189
15403,56
54540,208
106100,409
72622,555
96834,193
271939,40
194643,50
240838,138
200858,1385
89889,142
85056,158
22545,235
179536,1
111585,80
81044,17
25609,61
301566,5
47654,235
41965,314
95711,47
57240,179
147354,34
7342,25
128148,10
357230,59
245779,9
97004,266
5006,350
857,2707
19477,243
33836,88
85300,9
-1,-1
77801,853
28077,143
79299,50
-1,-1
221295,5
27900,801
210677,10
178971,12
331124,174
328789,387
102008,118
170612,641
