165654,2103,207462269
346484,98,13000378
388837,94,8014198
270232,99,14511620
155178,99,28450197
93813,99,34665843
261051,86,3845868
245658,99,14061991
379714,96,10246909
258075,91,5912939
314674,91,6335752
233647,91,6166499
557286,86,3743102
240395,91,6037018
224358,87,4058038
147644,93,7774445
219097,90,5350584
189693,85,3533561
205544,91,6046583
190210,96,10559886
423330,88,4475269
113824,91,5946129
399222,79,1936557
331036,83,2788903
-1,-1
-1,-1
-1,-1
-1,-1
-1,-1
-1,-1
224843,229
297128,12
459143,10
173354,77
226895,93
183228,19
99113,18
299508,502
-1,-1
149019,308
121121,185
-1,-1
144139,91
113271,439
88964,9
65265,601
224215,5
189396,12
128114,13
211780,114
153039,64
-1,-1
127380,26
167313,25
114957,101
192885,8
236290,25
146793,160
109837,345
136022,178
13220,56
68589,44
104112,358
67334,500
187673,52
253630,35
192869,26
224321,135
221768,1048
83101,118
118864,79
-1,-1
161694,1
141613,9
95082,5
-1,-1
262258,5
43720,152
32434,282
106987,30
-1,-1
128818,33
-1,-1
86767,10
283895,59
202955,8
95703,161
698,2243
34002,21
-1,-1
-1,-1
66925,850
24937,137
79491,18
-1,-1
-1,-1
37125,160
183030,10
139042,12
331286,127
504264,177
98997,88
155664,621
