81413,2316,450101771
142741,99,18412706
62791,99,21048454
48975,99,56675789
57917,99,62824509
50881,99,67323508
230192,96,10339338
85507,99,27760201
78645,99,16118189
263322,99,13034745
320383,96,10516594
206858,97,11336674
475526,95,8949759
257625,97,10863251
175040,94,8291845
199693,98,11979439
195575,94,8534572
190363,90,5892107
218552,96,9811242
73726,99,19080702
444215,94,8251643
138101,95,8832925
201765,92,7126773
175888,92,6920617
4040,99,20176189
-1,0
-1,0
-1,0
-1,0
-1,0
-1,0
-1,0
171136,447
483027,12
585973,11
67971,281
293803,98
255147,20
122664,25
453238,502
-1,2500
196403,308
197319,220
21598,42861
30819,765
62530,668
128488,623
24036,160
79951,645
88849,92
81234,616
7518,2414
323578,5
279264,12
259367,13
75405,1082
168393,93
-1,0
171970,26
21986,291
51552,449
119223,57
142341,60
149045,223
119206,408
139325,238
10155,120
25716,119
81132,283
110591,444
79727,600
65571,388
297925,46
118473,160
265515,138
227431,1385
92726,178
98059,176
75593,252
216653,1
125309,93
64717,39
4265,856
356615,5
47414,337
40249,580
34423,202
80895,200
27037,304
144570,38
11635,25
119487,41
312859,100
305221,9
129037,269
15869,350
1629,2725
29665,476
31509,263
109005,9
-1,0
90920,853
26851,157
88550,83
139964,1
251743,5
44895,826
239706,10
224638,12
367354,198
383618,387
25202,612
108116,146
181234,718
