140781,2176,350370374
151810,99,17181483
85953,99,18203631
55538,99,44925026
64723,99,52915475
55209,99,56888621
209758,94,8569445
109222,99,22405823
436419,98,11900361
244697,97,10872130
334338,93,7505790
259271,92,6733983
419827,95,8934809
236259,96,9684595
275807,87,4304840
192670,95,9252765
181788,93,7496508
220463,87,4121325
198837,95,8981902
104577,99,15613537
459184,91,5916949
120397,95,8783942
195272,91,6177645
368443,84,2999789
-1,-1
-1,-1
-1,-1
-1,-1
-1,-1
-1,-1
180633,364
398341,12
520403,11
86070,202
272748,94
223652,20
107220,25
411540,502
-1,-1
187402,308
154542,220
16242,42861
37660,630
47418,668
126898,524
26052,106
55798,581
73190,92
75116,616
282476,5
251359,12
212951,13
148560,478
154657,93
-1,-1
154940,26
18352,291
46661,449
125907,50
263549,28
163938,175
125547,360
153637,189
22700,56
61337,248
106873,424
77171,555
104509,193
279906,42
175640,66
248315,138
210145,1385
87699,164
84324,176
35979,252
189355,1
117329,80
68472,30
5508,600
319711,5
54909,239
49075,324
100445,47
70191,179
156555,34
9320,25
143393,10
352388,69
262352,9
105457,268
7820,350
1171,2725
29403,341
39672,95
93308,9
-1,-1
81961,853
25695,154
79417,67
-1,-1
230514,5
35233,803
220328,10
192058,12
334099,194
347960,387
17840,464
109452,118
168101,704
