152208,2130,244521780
236383,99,13827688
202192,99,13702110
198211,99,17052733
110921,99,35047688
69825,99,43465485
250297,89,5281000
176916,99,16277060
397771,96,10308545
246277,92,6987656
311435,92,6927476
235080,91,6436961
587750,86,3743957
257288,91,6163257
230147,87,4269703
161096,94,8177375
194953,90,5584735
196271,86,3709737
215650,91,6133668
177144,98,11842493
439517,88,4704063
121919,91,5946626
158231,91,6052159
336259,83,2879605
-1,-1
-1,-1
-1,-1
-1,-1
-1,-1
-1,-1
231521,238
322837,12
458145,11
180903,78
237277,94
188874,20
91488,23
332459,502
-1,-1
158453,308
139293,185
29916,20934
88917,280
121516,439
101927,12
65638,616
238430,5
207705,12
154096,13
225535,114
161139,65
-1,-1
135508,26
15182,288
38857,447
201264,8
226676,28
154592,160
115862,345
142934,178
13995,56
58359,110
110652,358
72148,500
145154,100
266375,36
206388,26
228452,138
200368,1269
81940,139
126596,79
26503,100
167450,1
156010,9
101161,5
-1,-1
275399,5
47778,180
35149,282
87755,47
43460,179
133112,34
-1,-1
103339,10
311141,59
218146,9
83355,263
575,2688
28779,70
-1,-1
-1,-1
71022,850
27047,138
86228,24
-1,-1
-1,-1
20739,800
194637,10
156004,12
335524,137
532198,177
108802,88
159878,631
