1542157,1321,11557759
-1,1,-1
-1,1,-1
-1,1,-1
-1,1,-1
-1,1,-1
-1,1,-1
-1,1,-1
1566389,70,749593
-1,1,-1
1726695,59,247936
1517918,65,455780
483399,90,5561170
-1,1,-1
-1,1,-1
1894001,59,271683
1425094,52,131557
1647059,60,284549
-1,1,-1
-1,1,-1
1175355,64,437612
932849,58,236101
1463699,51,118433
1561828,46,73807
-1,-1
-1,-1
-1,-1
-1,-1
-1,-1
-1,-1
-1,-1
-1,-1
-1,-1
1488304,1
-1,-1
-1,-1
-1,-1
-1,-1
-1,-1
78934,1032
503450,35
-1,-1
-1,-1
-1,-1
-1,-1
-1,-1
-1,-1
1013786,5
-1,-1
-1,-1
-1,-1
-1,-1
-1,-1
-1,-1
-1,-1
-1,-1
-1,-1
-1,-1
-1,-1
-1,-1
523675,17
-1,-1
-1,-1
-1,-1
-1,-1
-1,-1
-1,-1
-1,-1
-1,-1
-1,-1
-1,-1
-1,-1
-1,-1
-1,-1
-1,-1
-1,-1
-1,-1
-1,-1
-1,-1
-1,-1
-1,-1
-1,-1
149418,54
-1,-1
-1,-1
-1,-1
324502,64
-1,-1
-1,-1
-1,-1
-1,-1
-1,-1
-1,-1
-1,-1
-1,-1
-1,-1
-1,-1
-1,-1
-1,-1
-1,-1
-1,-1
-1,-1
-1,-1
434185,255
-1,-1
-1,-1
