1513096,1321,11557759
-1,1,-1
-1,1,-1
-1,1,-1
-1,1,-1
-1,1,-1
-1,1,-1
-1,1,-1
1537929,70,749593
-1,1,-1
1699209,59,247936
1492990,65,455780
469754,90,5561170
-1,1,-1
-1,1,-1
1857458,59,271683
1396508,52,131557
1613593,60,284549
-1,1,-1
-1,1,-1
1149723,64,437612
907059,58,236101
1434336,51,118433
1533421,46,73807
-1,-1
-1,-1
-1,-1
-1,-1
-1,-1
-1,-1
-1,-1
-1,-1
-1,-1
1473383,1
-1,-1
-1,-1
-1,-1
-1,-1
-1,-1
77307,1032
477632,35
-1,-1
-1,-1
-1,-1
-1,-1
-1,-1
-1,-1
992231,5
-1,-1
-1,-1
-1,-1
-1,-1
-1,-1
-1,-1
-1,-1
-1,-1
-1,-1
-1,-1
-1,-1
-1,-1
511770,17
-1,-1
-1,-1
-1,-1
-1,-1
-1,-1
-1,-1
-1,-1
-1,-1
-1,-1
-1,-1
-1,-1
-1,-1
-1,-1
-1,-1
-1,-1
-1,-1
-1,-1
-1,-1
-1,-1
-1,-1
-1,-1
138864,54
-1,-1
-1,-1
-1,-1
312762,64
-1,-1
-1,-1
-1,-1
-1,-1
-1,-1
-1,-1
-1,-1
-1,-1
-1,-1
-1,-1
-1,-1
-1,-1
-1,-1
-1,-1
-1,-1
-1,-1
421629,255
-1,-1
-1,-1
