1890784,1322,11557759
-1,1,-1
-1,1,-1
-1,1,-1
-1,1,-1
-1,1,-1
-1,1,-1
-1,1,-1
1880051,70,749593
-1,1,-1
-1,59,247936
1806404,65,455780
606250,90,5561170
-1,1,-1
-1,1,-1
-1,1,-1
1755911,52,131557
-1,60,284549
-1,1,-1
-1,1,-1
1470774,64,437612
1202823,58,236101
1802692,51,118433
1896415,46,73807
-1,1,0
-1,-1
-1,-1
-1,-1
-1,-1
-1,-1
-1,-1
-1,-1
-1,-1
-1,-1
-1,-1
1680006,1
-1,-1
-1,-1
-1,-1
-1,-1
-1,-1
94942,1032
749175,35
-1,-1
-1,-1
-1,-1
-1,-1
-1,-1
-1,-1
-1,-1
1254523,5
-1,0
-1,-1
-1,-1
-1,-1
-1,-1
-1,-1
-1,-1
-1,-1
-1,-1
-1,-1
-1,-1
-1,-1
-1,-1
664962,17
-1,-1
-1,-1
-1,-1
-1,-1
-1,-1
-1,-1
-1,-1
-1,-1
-1,-1
-1,-1
-1,-1
-1,-1
-1,-1
-1,-1
-1,-1
-1,0
-1,-1
-1,-1
-1,-1
-1,-1
-1,-1
-1,-1
-1,-1
252549,54
-1,-1
-1,-1
-1,-1
-1,-1
483008,64
-1,-1
-1,-1
-1,-1
-1,-1
-1,-1
-1,-1
-1,-1
-1,-1
-1,-1
-1,-1
-1,-1
-1,-1
-1,-1
-1,-1
-1,-1
-1,-1
-1,-1
524526,255
-1,-1
-1,-1
-1,-1
