1496426,1321,11557759
1991788,65,449503
-1,1,-1
-1,1,-1
-1,1,-1
-1,1,-1
-1,1,-1
-1,1,-1
1521961,70,749593
-1,1,-1
1682522,59,247936
1479212,65,455780
461820,90,5561170
-1,1,-1
-1,1,-1
1835217,59,271683
1379455,52,131557
1592764,60,284549
-1,1,-1
-1,1,-1
1135344,64,437612
893467,58,236101
1417939,51,118433
1517419,46,73807
-1,-1
-1,-1
-1,-1
-1,-1
-1,-1
-1,-1
-1,-1
-1,-1
-1,-1
1465304,1
-1,-1
-1,-1
-1,-1
-1,-1
-1,-1
76914,1032
465374,35
-1,-1
-1,-1
-1,-1
-1,-1
-1,-1
979991,5
-1,-1
-1,-1
-1,-1
-1,-1
-1,-1
-1,-1
-1,-1
-1,-1
-1,-1
-1,-1
-1,-1
-1,-1
504895,17
-1,-1
-1,-1
-1,-1
-1,-1
-1,-1
-1,-1
-1,-1
-1,-1
-1,-1
-1,-1
-1,-1
-1,-1
-1,-1
-1,-1
-1,-1
-1,-1
-1,-1
-1,-1
-1,-1
-1,-1
-1,-1
132693,54
-1,-1
-1,-1
-1,-1
306217,64
-1,-1
-1,-1
-1,-1
-1,-1
-1,-1
-1,-1
-1,-1
-1,-1
-1,-1
-1,-1
-1,-1
-1,-1
-1,-1
-1,-1
-1,-1
414588,255
-1,-1
-1,-1
