1773060,1065,7625001
-1,46,68728
-1,44,56857
-1,43,51499
-1,35,22717
-1,32,16674
-1,43,51861
-1,50,107826
1995439,56,184068
1900235,60,286019
1537014,58,229667
-1,50,101428
436784,90,5349580
-1,46,69176
-1,39,34469
1748017,56,194545
1389052,46,74107
1592847,57,208446
-1,34,21096
-1,15,2436
1037687,61,320868
944415,52,128035
1782918,11,1496
1459399,41,43403
-1,-1
-1,-1
-1,-1
-1,-1
-1,-1
-1,-1
-1,-1
-1,-1
-1,-1
-1,-1
-1,-1
-1,-1
-1,-1
-1,-1
-1,-1
-1,-1
431460,20
-1,-1
-1,-1
-1,-1
-1,-1
-1,-1
-1,-1
-1,-1
-1,-1
-1,-1
-1,-1
-1,-1
-1,-1
-1,-1
-1,-1
-1,-1
-1,-1
-1,-1
-1,-1
-1,-1
-1,-1
-1,-1
-1,-1
-1,-1
-1,-1
-1,-1
-1,-1
-1,-1
-1,-1
-1,-1
-1,-1
-1,-1
-1,-1
-1,-1
-1,-1
-1,-1
-1,-1
-1,-1
-1,-1
-1,-1
475279,13
-1,-1
-1,-1
-1,-1
-1,-1
-1,-1
-1,-1
-1,-1
-1,-1
-1,-1
-1,-1
-1,-1
-1,-1
-1,-1
-1,-1
-1,-1
370758,246
-1,-1
-1,-1
