1507340,1321,11557759
-1,1,-1
-1,1,-1
-1,1,-1
-1,1,-1
-1,1,-1
-1,1,-1
-1,1,-1
1532473,70,749593
-1,1,-1
1693770,59,247936
1488567,65,455780
465308,90,5561170
-1,1,-1
-1,1,-1
1850402,59,271683
1390804,52,131557
1607196,60,284549
-1,1,-1
-1,1,-1
1144996,64,437612
902424,58,236101
1428450,51,118433
1527979,46,73807
-1,-1
-1,-1
-1,-1
-1,-1
-1,-1
-1,-1
-1,-1
-1,-1
-1,-1
1470545,1
-1,-1
-1,-1
-1,-1
-1,-1
-1,-1
80269,1032
473674,35
-1,-1
-1,-1
-1,-1
-1,-1
-1,-1
-1,-1
988292,5
-1,-1
-1,-1
-1,-1
-1,-1
-1,-1
-1,-1
-1,-1
-1,-1
-1,-1
-1,-1
-1,-1
-1,-1
509583,17
-1,-1
-1,-1
-1,-1
-1,-1
-1,-1
-1,-1
-1,-1
-1,-1
-1,-1
-1,-1
-1,-1
-1,-1
-1,-1
-1,-1
-1,-1
-1,-1
-1,-1
-1,-1
-1,-1
-1,-1
-1,-1
136783,54
-1,-1
-1,-1
-1,-1
310649,64
-1,-1
-1,-1
-1,-1
-1,-1
-1,-1
-1,-1
-1,-1
-1,-1
-1,-1
-1,-1
-1,-1
-1,-1
-1,-1
-1,-1
-1,-1
-1,-1
417723,255
-1,-1
-1,-1
