1502589,1321,11557759
1999081,65,449503
-1,1,-1
-1,1,-1
-1,1,-1
-1,1,-1
-1,1,-1
-1,1,-1
1528111,70,749593
-1,1,-1
1689041,59,247936
1484839,65,455780
464058,90,5561170
-1,1,-1
-1,1,-1
1844263,59,271683
1385986,52,131557
1601405,60,284549
-1,1,-1
-1,1,-1
1141054,64,437612
898750,58,236101
1424125,51,118433
1523509,46,73807
-1,-1
-1,-1
-1,-1
-1,-1
-1,-1
-1,-1
-1,-1
-1,-1
-1,-1
1468456,1
-1,-1
-1,-1
-1,-1
-1,-1
-1,-1
78849,1032
470271,35
-1,-1
-1,-1
-1,-1
-1,-1
-1,-1
-1,-1
984761,5
-1,-1
-1,-1
-1,-1
-1,-1
-1,-1
-1,-1
-1,-1
-1,-1
-1,-1
-1,-1
-1,-1
-1,-1
507708,17
-1,-1
-1,-1
-1,-1
-1,-1
-1,-1
-1,-1
-1,-1
-1,-1
-1,-1
-1,-1
-1,-1
-1,-1
-1,-1
-1,-1
-1,-1
-1,-1
-1,-1
-1,-1
-1,-1
-1,-1
-1,-1
135078,54
-1,-1
-1,-1
-1,-1
308809,64
-1,-1
-1,-1
-1,-1
-1,-1
-1,-1
-1,-1
-1,-1
-1,-1
-1,-1
-1,-1
-1,-1
-1,-1
-1,-1
-1,-1
-1,-1
-1,-1
416661,255
-1,-1
-1,-1
