1591671,1321,11557759
-1,1,-1
-1,1,-1
-1,1,-1
-1,1,-1
-1,1,-1
-1,1,-1
-1,1,-1
1615084,70,749593
-1,1,-1
1774753,59,247936
1561997,65,455780
504487,90,5561170
-1,1,-1
-1,1,-1
1954889,59,271683
1476358,52,131557
1703468,60,284549
-1,1,-1
-1,1,-1
1219782,64,437612
976091,58,236101
1516859,51,118433
1611683,46,73807
-1,-1
-1,-1
-1,-1
-1,-1
-1,-1
-1,-1
-1,-1
-1,-1
-1,-1
1515372,1
-1,-1
-1,-1
-1,-1
-1,-1
-1,-1
84688,1032
545513,35
-1,-1
-1,-1
-1,-1
-1,-1
-1,-1
-1,-1
-1,-1
1050913,5
-1,-1
-1,-1
-1,-1
-1,-1
-1,-1
-1,-1
-1,-1
-1,-1
-1,-1
-1,-1
-1,-1
-1,-1
546111,17
-1,-1
-1,-1
-1,-1
-1,-1
-1,-1
-1,-1
-1,-1
-1,-1
-1,-1
-1,-1
-1,-1
-1,-1
-1,-1
-1,-1
-1,-1
-1,-1
-1,-1
-1,-1
-1,-1
-1,-1
-1,-1
171024,54
-1,-1
-1,-1
-1,-1
345835,64
-1,-1
-1,-1
-1,-1
-1,-1
-1,-1
-1,-1
-1,-1
-1,-1
-1,-1
-1,-1
-1,-1
-1,-1
-1,-1
-1,-1
-1,-1
-1,-1
-1,-1
452546,255
-1,-1
-1,-1
