1400393,1303,11168744
1851049,65,449445
1983088,60,273794
-1,67,591385
-1,64,424475
-1,50,104121
1920528,48,84706
-1,55,179690
1397330,70,749593
1872645,61,307826
1555995,59,247936
1369688,65,455780
415153,90,5560918
-1,50,104706
-1,41,41915
1677218,59,271683
1254390,52,131503
1446589,60,284546
-1,34,21102
-1,34,21329
1026838,64,437612
796632,58,232589
1288784,51,118433
1390187,46,73657
-1,-1
-1,-1
-1,-1
-1,-1
-1,-1
-1,-1
-1,-1
-1,-1
-1,-1
1405420,1
-1,-1
-1,-1
-1,-1
-1,-1
-1,-1
67063,1032
369547,35
-1,-1
-1,-1
-1,-1
876271,5
-1,-1
-1,-1
-1,-1
-1,-1
-1,-1
-1,-1
-1,-1
-1,-1
-1,-1
-1,-1
-1,-1
-1,-1
451987,17
-1,-1
-1,-1
-1,-1
-1,-1
-1,-1
-1,-1
-1,-1
-1,-1
-1,-1
-1,-1
-1,-1
-1,-1
-1,-1
-1,-1
-1,-1
-1,-1
-1,-1
-1,-1
-1,-1
-1,-1
-1,-1
-1,-1
255956,64
-1,-1
-1,-1
-1,-1
-1,-1
-1,-1
-1,-1
-1,-1
-1,-1
-1,-1
-1,-1
-1,-1
-1,-1
-1,-1
-1,-1
-1,-1
372257,255
-1,-1
-1,-1
