1562670,1321,11557759
-1,1,-1
-1,1,-1
-1,1,-1
-1,1,-1
-1,1,-1
-1,1,-1
-1,1,-1
1586889,70,749593
-1,1,-1
1745848,59,247936
1536624,65,455780
492089,90,5561170
-1,1,-1
-1,1,-1
1918561,59,271683
1445720,52,131557
1669195,60,284549
-1,1,-1
-1,1,-1
1192581,64,437612
950514,58,236101
1484688,51,118433
1582398,46,73807
-1,-1
-1,-1
-1,-1
-1,-1
-1,-1
-1,-1
-1,-1
-1,-1
-1,-1
1499360,1
-1,-1
-1,-1
-1,-1
-1,-1
-1,-1
81430,1032
521058,35
-1,-1
-1,-1
-1,-1
-1,-1
-1,-1
-1,-1
-1,-1
1028467,5
-1,-1
-1,-1
-1,-1
-1,-1
-1,-1
-1,-1
-1,-1
-1,-1
-1,-1
-1,-1
-1,-1
-1,-1
531971,17
-1,-1
-1,-1
-1,-1
-1,-1
-1,-1
-1,-1
-1,-1
-1,-1
-1,-1
-1,-1
-1,-1
-1,-1
-1,-1
-1,-1
-1,-1
-1,-1
-1,-1
-1,-1
-1,-1
-1,-1
-1,-1
157655,54
-1,-1
-1,-1
-1,-1
332833,64
-1,-1
-1,-1
-1,-1
-1,-1
-1,-1
-1,-1
-1,-1
-1,-1
-1,-1
-1,-1
-1,-1
-1,-1
-1,-1
-1,-1
-1,-1
-1,-1
-1,-1
441725,255
-1,-1
-1,-1
