769005,1811,59252287
1046514,82,2568495
907681,83,2849646
1000187,92,6539544
817416,95,9506640
869665,92,6966608
679586,78,1689902
725177,94,8675866
1116078,75,1313256
908946,77,1537055
941788,76,1403048
843965,77,1622190
1510064,70,777755
772005,77,1515080
592807,79,1809081
940487,75,1232157
872943,71,834881
607433,77,1527458
934070,72,943018
1078257,73,1060810
1108850,71,859381
344644,80,2069631
766968,74,1097974
868929,71,852811
-1,-1
-1,-1
-1,-1
-1,-1
-1,-1
-1,-1
1016660,23
1052050,3
1728309,1
818445,8
824363,9
726810,1
437444,1
-1,-1
-1,-1
141445,535
154395,229
-1,-1
-1,-1
-1,-1
-1,-1
-1,-1
-1,-1
92663,59
313985,204
-1,-1
-1,-1
232069,11
-1,-1
192648,57
-1,-1
104514,50
218127,25
275200,16
-1,-1
53843,125
403232,16
253262,185
425044,11
144715,25
-1,-1
-1,-1
247569,122
410030,27
-1,-1
-1,-1
-1,-1
572891,25
-1,-1
-1,-1
194960,55
-1,-1
-1,-1
-1,-1
107602,8
-1,-1
-1,-1
-1,-1
268082,31
-1,-1
-1,-1
-1,-1
-1,-1
128374,20
339893,79
73279,50
198185,65
-1,-1
-1,-1
-1,-1
-1,-1
-1,-1
-1,-1
-1,-1
110781,57
-1,-1
-1,-1
-1,-1
-1,-1
260738,5
202332,12
684654,15
1406926,29
-1,-1
227850,30
394137,86
