830957,1835,60769442
1080385,83,2943102
953607,84,3224253
1064278,92,6914319
873079,96,9884202
943192,92,6970268
749736,78,1689902
788268,94,8678459
1193802,75,1313886
1000558,77,1537175
1009727,76,1403048
905362,77,1622590
1623161,70,777755
844136,77,1515465
652393,79,1809466
1040290,75,1232277
960231,71,834941
664398,77,1527458
1038668,72,943018
1154071,73,1060810
1208799,71,859399
379315,80,2069631
841210,74,1097974
960401,71,854903
665244,21,5141
-1,0
-1,0
-1,0
-1,0
-1,0
-1,0
-1,0
1089877,23
1148057,3
1806971,1
872133,8
873976,9
772773,1
465376,1
-1,475
-1,2500
146276,535
182472,229
-1,0
-1,200
-1,0
-1,0
-1,0
-1,0
105995,59
333576,204
-1,0
-1,0
-1,1
264016,11
-1,0
205576,57
-1,0
112360,50
236943,25
291016,16
-1,4
59396,125
430969,16
273474,185
452943,11
168533,25
-1,0
-1,0
260576,122
441096,27
-1,0
-1,1
-1,0
603986,25
-1,0
-1,4
212865,55
-1,0
-1,0
-1,0
115442,8
-1,0
-1,0
-1,0
313317,31
-1,0
-1,0
-1,0
-1,2
-1,0
146196,20
398239,79
78818,50
228314,65
-1,0
-1,0
-1,0
-1,0
-1,0
-1,0
-1,0
120417,57
-1,0
-1,0
-1,3
-1,0
276382,5
224693,12
745726,15
1492922,29
-1,0
251817,30
426684,86
