818128,1832,59259465
1127000,82,2568495
975995,83,2849646
1081093,92,6539544
882641,95,9506640
930876,92,6966608
735940,78,1689902
778263,94,8675866
1177972,75,1313256
991272,77,1537055
996396,76,1403048
892526,77,1622190
1600718,70,777755
830431,77,1515080
639810,79,1809081
1019593,75,1232157
942933,71,834881
652814,77,1527458
1018284,72,943018
1138262,73,1060810
1189386,71,859381
371650,80,2069631
825590,74,1097974
944421,71,854903
608535,21,5086
-1,0
-1,0
-1,0
-1,0
-1,0
-1,0
-1,0
1074643,23
1128315,3
1791008,1
861216,8
863398,9
762588,1
459010,1
-1,475
-1,2500
145648,535
176259,229
-1,0
-1,200
-1,0
-1,0
-1,0
-1,0
102995,59
329180,204
-1,0
-1,0
-1,1
257477,11
-1,0
202900,57
-1,0
110632,50
232926,25
287584,16
-1,4
58187,125
424766,16
269151,185
446750,11
163641,25
-1,0
-1,0
257719,122
432814,27
-1,0
-1,1
-1,0
597218,25
-1,0
-1,4
209091,55
-1,0
-1,0
-1,0
113625,8
-1,0
-1,0
-1,0
299814,31
-1,0
-1,0
-1,0
-1,2
-1,0
142055,20
387836,79
77522,50
221758,65
-1,0
-1,0
-1,0
-1,0
-1,0
-1,0
-1,0
118145,57
-1,0
-1,0
-1,3
-1,0
273365,5
221100,12
732468,15
1476151,29
-1,0
246467,30
419560,86
