784479,1832,59259465
1100520,82,2568495
952688,83,2849646
1051966,92,6539544
858557,95,9506640
910946,92,6966608
711856,78,1689902
759070,94,8675866
1154803,75,1313256
969411,77,1537055
977447,76,1403048
874133,77,1622190
1569944,70,777755
810368,77,1515080
622688,79,1809081
992761,75,1232157
915227,71,834881
636315,77,1527458
992211,72,943018
1113788,73,1060810
1159788,71,859381
364258,80,2069631
803724,74,1097974
917787,71,854903
487132,21,5086
-1,0
-1,0
-1,0
-1,0
-1,0
-1,0
-1,0
1048938,23
1091871,3
1761860,1
843455,8
845778,9
745416,1
448381,1
-1,475
-1,2500
143842,535
171386,229
-1,0
-1,200
-1,0
-1,0
-1,0
-1,0
97921,59
321982,204
-1,0
-1,1
246536,11
-1,0
197963,57
-1,0
107510,50
225449,25
281391,16
-1,4
56116,125
414321,16
262013,185
436338,11
154745,25
-1,0
-1,0
252825,122
421659,27
-1,0
-1,1
-1,0
585306,25
-1,0
-1,4
202323,55
-1,0
-1,0
-1,0
109579,8
-1,0
-1,0
-1,0
278934,31
-1,0
-1,0
-1,0
-1,2
-1,0
135026,20
372409,79
75691,50
211585,65
-1,0
-1,0
-1,0
-1,0
-1,0
-1,0
-1,0
114471,57
-1,0
-1,0
-1,3
-1,0
267514,5
213316,12
710041,15
1453484,29
-1,0
237947,30
407612,86
