823264,1835,60769442
1073929,83,2943102
947697,84,3224253
1057236,92,6914319
867592,96,9884202
938329,92,6970268
744402,78,1689902
784363,94,8678459
1187375,75,1313886
999341,77,1537175
1004701,76,1403048
899982,77,1622590
1613851,70,777755
838942,77,1515465
647560,79,1809466
1031887,75,1232277
953691,71,834941
659934,77,1527458
1030820,72,943018
1147805,73,1060810
1201091,71,859399
376294,80,2069631
834843,74,1097974
954116,71,854903
643516,21,5141
-1,0
-1,0
-1,0
-1,0
-1,0
-1,0
-1,0
1084149,23
1140093,3
1800700,1
868072,8
870002,9
769068,1
463207,1
-1,475
-1,2500
145975,535
180046,229
-1,0
-1,200
-1,0
-1,0
-1,0
-1,0
104815,59
331982,204
-1,0
-1,0
-1,1
261634,11
-1,0
204897,57
-1,0
111670,50
235526,25
289965,16
-1,4
59016,125
428814,16
271967,185
450795,11
166934,25
-1,0
-1,0
259620,122
436842,27
-1,0
-1,1
-1,0
601431,25
-1,0
-1,4
211669,55
-1,0
-1,0
-1,0
115003,8
-1,0
-1,0
-1,0
309524,31
-1,0
-1,0
-1,0
-1,2
-1,0
144744,20
394397,79
78375,50
226000,65
-1,0
-1,0
-1,0
-1,0
-1,0
-1,0
-1,0
119759,57
-1,0
-1,0
-1,3
-1,0
275208,5
223454,12
740773,15
1486078,29
-1,0
249982,30
424273,86
