466688,1857,51733282
967068,79,1954430
902777,79,1839123
1330144,79,1865525
1122452,83,2930408
1182791,80,2170478
361120,80,2147457
1071414,82,2445084
688462,81,2279506
522202,80,2135162
548147,81,2401469
451518,83,2675816
739920,80,2038442
413097,81,2314778
358607,81,2212796
392847,81,2226226
346652,81,2230791
284361,80,2176216
351471,80,2130591
652259,80,1991262
524115,82,2480117
235090,80,2052978
237449,84,3015654
491049,80,2018973
-1,-1
-1,-1
-1,-1
-1,-1
-1,-1
-1,-1
321649,135
51720,63
148466,34
402819,21
567109,15
471234,2
-1,-1
369049,500
-1,-1
99133,549
63741,234
-1,-1
-1,-1
-1,-1
626339,34
-1,-1
-1,-1
-1,-1
-1,-1
-1,-1
-1,-1
-1,-1
-1,-1
-1,-1
-1,-1
-1,-1
-1,-1
-1,-1
-1,-1
139016,17
-1,-1
-1,-1
-1,-1
102633,126
403472,14
-1,-1
-1,-1
-1,-1
-1,-1
-1,-1
-1,-1
-1,-1
-1,-1
-1,-1
97892,12
-1,-1
136393,49
-1,-1
-1,-1
-1,-1
77282,167
174347,8
-1,-1
-1,-1
-1,-1
-1,-1
-1,-1
-1,-1
-1,-1
-1,-1
-1,-1
-1,-1
-1,-1
-1,-1
-1,-1
-1,-1
604135,124
174486,18
-1,-1
