572426,1899,63480529
818355,87,4322705
993148,81,2232227
1540434,81,2251373
1242274,87,4209399
1353923,83,2676156
494551,81,2334238
1320665,83,2770893
860296,82,2450301
715944,80,2146249
645392,83,2827385
386349,88,4786979
950815,80,2136022
414851,87,3995170
497610,82,2437971
597755,81,2392594
484059,81,2337463
387933,82,2421716
482473,81,2404871
791881,81,2193003
720443,82,2530803
318255,81,2264878
363309,84,3026124
662898,81,2332009
-1,-1
-1,-1
-1,-1
-1,-1
-1,-1
-1,-1
401141,152
97411,67
203110,38
484477,23
638910,21
544487,3
-1,-1
539922,500
-1,-1
137823,549
118200,262
-1,-1
-1,-1
-1,-1
-1,-1
-1,-1
-1,-1
-1,-1
664779,59
19744,72
-1,-1
-1,-1
-1,-1
-1,-1
-1,-1
-1,-1
-1,-1
-1,-1
-1,-1
-1,-1
-1,-1
-1,-1
-1,-1
283659,17
-1,-1
-1,-1
-1,-1
-1,-1
147597,131
557238,14
-1,-1
-1,-1
-1,-1
-1,-1
-1,-1
-1,-1
-1,-1
-1,-1
-1,-1
-1,-1
135226,12
-1,-1
207023,49
-1,-1
362588,17
-1,-1
-1,-1
-1,-1
44817,358
127111,30
-1,-1
-1,-1
-1,-1
-1,-1
-1,-1
-1,-1
-1,-1
-1,-1
-1,-1
-1,-1
-1,-1
-1,-1
-1,-1
-1,-1
-1,-1
-1,-1
788229,126
-1,-1
270063,18
-1,-1
