503951,1886,60357849
849198,83,2877631
932626,80,2039297
1404198,80,2051280
1163314,85,3563299
1206376,82,2652424
420147,81,2276321
1178505,82,2641708
761297,82,2449626
616007,80,2142347
572913,83,2824547
336325,88,4786579
843851,80,2057676
349197,87,3993663
417750,82,2437461
487361,81,2392444
408116,81,2327266
317424,81,2419885
402809,81,2398871
711528,80,2126030
619389,82,2488128
262096,81,2264878
300165,84,3016653
571531,80,2129835
-1,-1
-1,-1
-1,-1
-1,-1
-1,-1
-1,-1
347673,151
68894,67
165591,38
433593,23
584459,20
481982,3
-1,-1
456149,500
-1,-1
119022,549
78007,262
-1,-1
-1,-1
-1,-1
-1,-1
-1,-1
589503,59
50791,26
-1,-1
-1,-1
-1,-1
-1,-1
-1,-1
-1,-1
-1,-1
-1,-1
-1,-1
-1,-1
-1,-1
-1,-1
-1,-1
203263,17
-1,-1
-1,-1
-1,-1
122099,131
476373,14
-1,-1
-1,-1
-1,-1
-1,-1
-1,-1
-1,-1
-1,-1
-1,-1
-1,-1
-1,-1
114266,12
-1,-1
164698,49
-1,-1
224388,17
-1,-1
-1,-1
-1,-1
33895,358
112407,29
-1,-1
-1,-1
-1,-1
-1,-1
-1,-1
-1,-1
-1,-1
-1,-1
-1,-1
-1,-1
-1,-1
-1,-1
-1,-1
-1,-1
695432,124
222205,18
-1,-1
