580703,1959,66078538
899753,88,4550118
1067586,81,2419538
1664737,81,2412462
1326829,88,4565532
1388710,84,3151203
557624,81,2367869
1435358,83,2813351
930894,82,2482510
808038,80,2159219
703859,83,2849186
428907,88,4805556
1036413,80,2137237
461932,87,4049142
562711,82,2446112
691171,81,2398466
540840,81,2380767
433852,82,2433339
541714,81,2414911
842482,81,2352209
753852,84,3045093
357957,81,2270688
404729,84,3043545
743697,81,2362907
417335,55,167578
-1,0
-1,0
-1,0
-1,0
-1,0
-1,0
-1,0
439282,156
126390,68
233090,39
531215,23
680780,22
594135,3
542284,1
557841,500
-1,2500
131677,635
144712,262
-1,0
-1,275
-1,0
-1,0
-1,0
-1,0
-1,0
725461,59
74063,664
23444,72
-1,0
-1,0
-1,0
-1,0
-1,0
-1,0
-1,0
-1,0
-1,0
-1,0
-1,0
-1,0
-1,0
351798,17
-1,0
-1,0
-1,0
-1,3
178401,131
628906,14
-1,0
-1,0
-1,0
-1,0
-1,0
-1,1
-1,0
-1,0
-1,0
-1,0
133831,14
-1,0
231526,56
-1,0
434594,17
-1,0
-1,3
-1,0
-1,0
53667,358
140751,30
-1,0
-1,0
-1,0
-1,0
-1,0
-1,0
-1,0
-1,0
-1,1
-1,0
-1,0
-1,1
-1,0
-1,0
-1,0
-1,0
843712,126
-1,0
310158,18
-1,0
