537192,1895,63068081
760218,87,4298945
932487,81,2208467
1438493,81,2227614
1159383,87,4178406
1279179,82,2654409
453683,81,2332536
1234577,83,2768943
814692,82,2450301
669710,80,2144497
608659,83,2824547
363842,88,4786979
902049,80,2082492
383630,87,3995170
459773,82,2437971
548291,81,2392594
449698,81,2335797
355911,81,2420380
444079,81,2404871
753809,80,2169922
669235,82,2530803
290172,81,2264878
333674,84,3026124
623830,80,2131435
-1,-1
-1,-1
-1,-1
-1,-1
-1,-1
-1,-1
375129,152
81826,67
185240,38
459739,23
610258,21
513622,3
-1,-1
496884,500
-1,-1
129830,549
97224,262
-1,-1
-1,-1
-1,-1
-1,-1
-1,-1
-1,-1
-1,-1
626123,59
17399,72
-1,-1
-1,-1
-1,-1
-1,-1
-1,-1
-1,-1
-1,-1
-1,-1
-1,-1
-1,-1
-1,-1
-1,-1
-1,-1
236014,17
-1,-1
-1,-1
-1,-1
133301,131
519538,14
-1,-1
-1,-1
-1,-1
-1,-1
-1,-1
-1,-1
-1,-1
-1,-1
-1,-1
-1,-1
125651,12
-1,-1
187646,49
-1,-1
292759,17
-1,-1
-1,-1
-1,-1
39589,358
119778,30
-1,-1
-1,-1
-1,-1
-1,-1
-1,-1
-1,-1
-1,-1
-1,-1
-1,-1
-1,-1
-1,-1
-1,-1
-1,-1
-1,-1
-1,-1
-1,-1
749625,124
249149,18
-1,-1
