517156,1895,62873443
739008,87,4283512
915033,81,2193059
1406619,81,2212037
1133561,87,4140480
1249005,82,2654409
436442,81,2330011
1217139,83,2688989
793124,82,2450301
647682,80,2144497
594001,83,2824547
352547,88,4786979
877346,80,2082492
369390,87,3995170
442470,82,2437971
523835,81,2392594
433136,81,2335797
341131,81,2420355
427886,81,2404871
737925,80,2142132
646212,82,2530803
278458,81,2264878
319213,84,3026124
601721,80,2131435
-1,-1
-1,-1
-1,-1
-1,-1
-1,-1
-1,-1
363839,151
76257,67
176682,38
448158,23
603995,20
499459,3
-1,-1
480448,500
-1,-1
124511,549
89274,262
-1,-1
-1,-1
-1,-1
-1,-1
-1,-1
-1,-1
609862,59
16427,72
-1,-1
-1,-1
-1,-1
-1,-1
-1,-1
-1,-1
-1,-1
-1,-1
-1,-1
-1,-1
-1,-1
-1,-1
-1,-1
222648,17
-1,-1
-1,-1
-1,-1
128190,131
501271,14
-1,-1
-1,-1
-1,-1
-1,-1
-1,-1
-1,-1
-1,-1
-1,-1
-1,-1
-1,-1
120613,12
-1,-1
176844,49
-1,-1
263034,17
-1,-1
-1,-1
-1,-1
37332,358
115870,30
-1,-1
-1,-1
-1,-1
-1,-1
-1,-1
-1,-1
-1,-1
-1,-1
-1,-1
-1,-1
-1,-1
-1,-1
-1,-1
-1,-1
-1,-1
729459,124
237734,18
-1,-1
