464158,1859,51801709
968210,79,1954430
903899,79,1839123
1331354,79,1865525
1123663,83,2930408
1183834,80,2170478
356369,81,2196129
1072804,82,2445084
689367,81,2279506
522599,80,2137467
548773,81,2401469
452062,83,2675816
740875,80,2038442
413843,81,2314778
359163,81,2212796
394421,81,2226226
347283,81,2230814
282488,81,2193643
351733,80,2130591
652944,80,1991262
524978,82,2480117
235452,80,2052978
237897,84,3015654
491742,80,2018973
-1,-1
-1,-1
-1,-1
-1,-1
-1,-1
-1,-1
322071,135
51933,63
148743,34
403303,21
567609,15
471726,2
-1,-1
369740,500
-1,-1
99280,549
63954,234
-1,-1
-1,-1
-1,-1
627079,34
-1,-1
-1,-1
-1,-1
-1,-1
-1,-1
-1,-1
-1,-1
-1,-1
-1,-1
-1,-1
-1,-1
-1,-1
-1,-1
-1,-1
139678,17
-1,-1
-1,-1
-1,-1
102815,126
404108,14
-1,-1
-1,-1
-1,-1
-1,-1
-1,-1
-1,-1
-1,-1
-1,-1
-1,-1
98027,12
-1,-1
136623,49
-1,-1
-1,-1
-1,-1
77571,167
175022,8
-1,-1
-1,-1
-1,-1
-1,-1
-1,-1
-1,-1
-1,-1
-1,-1
-1,-1
-1,-1
-1,-1
-1,-1
-1,-1
-1,-1
604946,124
174882,18
-1,-1
