472295,1862,52214921
989960,79,1954562
912563,79,1942459
1355060,79,1865525
1141321,84,2959643
1204187,80,2183046
367326,81,2196129
1094804,82,2446969
704260,81,2279506
539116,80,2137467
559536,81,2413691
461750,83,2675816
758124,80,2038948
412054,82,2459835
370316,81,2214818
414928,81,2226226
355796,81,2242722
290946,81,2193676
363191,81,2199143
659560,80,2016416
539247,82,2480690
242631,80,2052978
245074,84,3015683
503738,80,2018973
-1,-1
-1,-1
-1,-1
-1,-1
-1,-1
-1,-1
329382,135
54947,63
152965,34
410444,21
576314,15
479506,2
-1,-1
382378,500
-1,-1
102454,549
69454,234
-1,-1
-1,-1
-1,-1
639449,34
-1,-1
-1,-1
-1,-1
-1,-1
-1,-1
-1,-1
-1,-1
-1,-1
-1,-1
-1,-1
-1,-1
-1,-1
-1,-1
-1,-1
149703,17
-1,-1
-1,-1
-1,-1
102968,131
415141,14
-1,-1
-1,-1
-1,-1
-1,-1
-1,-1
-1,-1
-1,-1
-1,-1
-1,-1
100468,12
-1,-1
140956,49
-1,-1
-1,-1
-1,-1
81946,167
184916,8
-1,-1
-1,-1
-1,-1
-1,-1
-1,-1
-1,-1
-1,-1
-1,-1
-1,-1
-1,-1
-1,-1
-1,-1
-1,-1
-1,-1
619085,124
181086,18
-1,-1
