502331,1894,62741483
722220,87,4276904
894297,81,2193059
1389236,80,2174489
1110518,87,4123628
1223814,82,2654409
422943,81,2329096
1192215,83,2676125
774652,82,2450301
628372,80,2144497
581394,83,2824547
342202,88,4786979
859545,80,2070216
357521,87,3994970
427908,82,2437971
502966,81,2392594
419471,81,2335359
328070,81,2420355
413908,81,2404871
723354,80,2129702
631200,82,2503534
268775,81,2264878
308427,84,3021564
584300,80,2131435
-1,-1
-1,-1
-1,-1
-1,-1
-1,-1
-1,-1
354855,151
72256,67
170737,38
440048,23
592759,20
489737,3
-1,-1
467185,500
-1,-1
122666,549
82177,262
-1,-1
-1,-1
-1,-1
-1,-1
-1,-1
-1,-1
598818,59
15440,72
-1,-1
-1,-1
-1,-1
-1,-1
-1,-1
-1,-1
-1,-1
-1,-1
-1,-1
-1,-1
-1,-1
-1,-1
-1,-1
211911,17
-1,-1
-1,-1
-1,-1
124788,131
486904,14
-1,-1
-1,-1
-1,-1
-1,-1
-1,-1
-1,-1
-1,-1
-1,-1
-1,-1
-1,-1
117044,12
-1,-1
170297,49
-1,-1
241261,17
-1,-1
-1,-1
-1,-1
35276,358
112636,30
-1,-1
-1,-1
-1,-1
-1,-1
-1,-1
-1,-1
-1,-1
-1,-1
-1,-1
-1,-1
-1,-1
-1,-1
-1,-1
-1,-1
-1,-1
711838,124
229077,18
-1,-1
