478525,1865,52645828
944243,80,2031747
870170,80,2013755
1316763,80,2013980
1142715,84,3058884
1221252,80,2184102
374413,81,2211743
1111640,82,2453460
717080,81,2279506
552052,80,2137467
569556,81,2413691
470134,83,2675816
773004,80,2038948
423158,82,2460028
380494,81,2214818
428513,81,2226226
364856,81,2243196
297529,81,2194576
371231,81,2199143
669149,80,2022298
551787,82,2482146
247733,80,2052978
251760,84,3015747
514174,80,2021573
-1,-1
-1,-1
-1,-1
-1,-1
-1,-1
-1,-1
325980,141
56106,65
153616,35
408541,22
577161,16
445381,3
-1,-1
391825,500
-1,-1
104569,549
72731,234
-1,-1
-1,-1
-1,-1
649470,34
261804,5
-1,-1
-1,-1
-1,-1
-1,-1
-1,-1
-1,-1
-1,-1
-1,-1
-1,-1
-1,-1
-1,-1
-1,-1
-1,-1
158355,17
-1,-1
-1,-1
-1,-1
105507,131
424457,14
-1,-1
-1,-1
-1,-1
-1,-1
-1,-1
-1,-1
-1,-1
-1,-1
-1,-1
102622,12
-1,-1
144549,49
-1,-1
93131,12
-1,-1
-1,-1
85619,167
192389,8
-1,-1
-1,-1
-1,-1
-1,-1
-1,-1
-1,-1
-1,-1
-1,-1
-1,-1
-1,-1
-1,-1
-1,-1
-1,-1
-1,-1
631155,124
185933,18
-1,-1
