100868,2183,314776727
84957,99,20056351
114529,99,15656794
104437,99,23751841
74814,99,41354865
95197,99,35509709
220821,90,5433638
55599,99,24697864
275474,99,13053833
185368,97,11692758
317907,92,6540523
215795,92,6780004
36856,99,15507413
134566,99,13092313
136068,92,6566109
248471,88,4605633
147264,92,6924537
157521,88,4459872
172800,93,7709880
44374,99,17944344
234053,99,13080063
168637,86,3794368
240171,85,3504757
79571,99,13059258
-1,-1
-1,-1
-1,-1
-1,-1
-1,-1
-1,-1
3189,3338
25525,150
764,2063
64075,225
5461,629
6956,201
31676,70
-1,-1
-1,-1
-1,-1
169157,153
-1,-1
96231,244
30951,1625
91664,13
65258,610
60443,20
195664,13
143538,11
46063,1180
49738,405
47726,13
124300,29
78840,61
145493,68
-1,-1
168391,38
87021,315
101512,378
85366,322
30761,50
44301,159
35356,909
169137,135
197440,51
225255,42
79664,180
294975,91
147519,1666
71285,165
55199,204
49851,38
16345,10
146178,11
-1,-1
-1,-1
201342,6
53029,141
128810,59
138592,25
108325,53
19080,68
-1,-1
92675,12
177059,103
8069,146
12225,946
48281,10
36894,26
50382,53
-1,-1
18072,2082
50611,93
58400,58
62348,1
130113,8
44396,132
187962,10
153591,10
289518,190
101149,605
103820,88
100774,1062
