97438,2176,306293559
85529,99,19422586
108699,99,15577241
96907,99,23610754
69507,99,40817235
89226,99,34988089
209741,90,5399696
49543,99,24527656
297872,99,13039609
251889,91,5903464
305403,91,6477198
205299,92,6768062
34823,99,15507010
125254,99,13091885
125903,92,6550959
224309,88,4604375
135940,92,6919773
144026,88,4421498
161283,93,7676374
43484,99,17659617
226804,99,13053607
158456,86,3789368
222499,85,3429865
74113,99,13057638
-1,-1
-1,-1
-1,-1
-1,-1
-1,-1
-1,-1
3012,3273
22610,150
653,2038
65000,214
5441,608
7626,198
31717,65
-1,-1
-1,-1
-1,-1
148924,153
92719,244
29118,1625
77807,13
63193,605
56394,20
180212,13
122809,11
43565,1180
47749,403
41782,13
118104,29
75109,61
136467,68
-1,-1
160064,38
84928,311
97391,378
82894,320
29997,50
35519,159
33126,909
159788,135
185549,51
222102,40
75751,180
287049,91
140158,1666
67067,165
52253,204
17838,9
132142,11
-1,-1
-1,-1
191752,6
43644,141
121169,59
132217,24
66484,53
21955,64
78448,12
161802,103
7537,146
10733,946
37773,10
29739,24
46426,53
-1,-1
16996,2082
46565,93
51980,54
61127,1
123975,8
37975,116
176887,10
138840,10
276573,190
95701,605
97343,88
97997,1056
