98569,2165,291317630
99345,99,18014007
121957,99,14971772
96261,99,22904130
71599,99,39072477
86447,99,34449249
236902,87,4056153
52995,99,23114978
288836,99,13038848
268369,89,5121330
293213,91,6468046
197697,92,6742496
33132,99,15502264
123656,99,13075299
118162,92,6550419
210383,88,4466317
129531,92,6753670
139042,87,4325431
152821,93,7617036
50774,99,16560560
270382,94,8388441
151699,86,3781635
221639,85,3288667
71190,99,13054405
-1,-1
-1,-1
-1,-1
-1,-1
-1,-1
-1,-1
2880,3194
20313,150
618,2032
65423,206
6546,559
7699,188
32975,59
-1,-1
-1,-1
-1,-1
133909,153
90033,244
27791,1625
67036,13
60739,605
53051,20
169740,13
105601,11
41840,1177
46355,402
40242,10
118178,26
75525,58
133582,65
-1,-1
153847,38
82908,311
94872,378
81100,320
29343,50
28663,147
31302,909
152291,135
178048,51
232269,36
76583,168
287517,87
134500,1666
78788,115
50449,204
22188,7
120667,11
-1,-1
-1,-1
183717,6
39543,139
115198,59
123991,24
20972,64
66981,12
150038,103
7062,146
9471,945
-1,-1
24071,21
44163,53
-1,-1
51136,1012
44722,91
47689,52
60947,1
119702,8
33847,81
167469,10
126798,10
319835,121
91491,605
93975,88
100336,1010
