97207,2177,306434448
85582,99,19450526
109024,99,15582036
97343,99,23613221
69846,99,40834252
89603,99,34989601
210345,90,5400136
49859,99,24534608
298716,99,13039609
252870,91,5903639
303063,92,6540513
205859,92,6768062
34959,99,15507010
125694,99,13092085
126465,92,6550959
225515,88,4604395
136592,92,6919781
144534,88,4424234
161874,93,7681632
43645,99,17663082
227670,99,13053607
158944,86,3789368
223025,85,3434454
74467,99,13057638
-1,-1
-1,-1
-1,-1
-1,-1
-1,-1
-1,-1
3034,3284
22772,150
653,2044
65169,214
5360,612
7621,199
31850,65
-1,-1
-1,-1
-1,-1
149830,153
92942,244
29215,1625
78609,13
63214,606
56645,20
181154,13
123884,11
43703,1180
47879,403
42106,13
118420,29
75320,61
136949,68
-1,-1
160527,38
85093,311
97592,378
83050,320
30060,50
36096,159
33267,909
160357,135
186233,51
222797,40
75995,180
287559,91
140582,1666
67282,165
52424,204
17865,9
132994,11
-1,-1
-1,-1
192308,6
44058,141
121633,59
132828,24
71784,53
17945,68
79270,12
162591,103
7565,146
10809,946
38540,10
30239,25
46617,53
-1,-1
17064,2082
46779,93
52417,54
61199,1
124308,8
38429,117
177712,10
139737,10
277359,190
95982,605
97595,88
97485,1062
