100548,2187,318544051
85056,99,20096954
114653,99,15685621
103753,99,24062081
75183,99,41676858
95242,99,35806571
223510,90,5454842
56383,99,24893445
274758,99,13056473
159936,99,13040613
317242,92,6652836
213626,92,6948173
37287,99,15507453
130868,99,13111721
139072,92,6566109
255777,88,4620766
150445,92,6929680
161350,88,4465153
176124,93,7711655
43931,99,18137659
229348,99,13111713
166850,86,3914016
217816,87,4032756
80619,99,13060903
-1,-1
-1,-1
-1,-1
-1,-1
-1,-1
-1,-1
3214,3362
26464,150
757,2067
62651,232
5394,639
6806,203
32075,71
-1,-1
-1,-1
-1,-1
174732,153
-1,-1
97314,244
31631,1625
95912,13
66056,610
61490,20
200344,13
150884,11
46857,1180
50247,406
49573,13
126101,29
80350,61
148246,68
-1,-1
171384,38
80904,344
94223,407
79321,352
30974,50
46723,159
35846,909
171958,135
192660,55
229027,42
80982,180
297178,91
149647,1666
72633,165
56209,204
52460,45
16661,10
149392,11
-1,-1
-1,-1
203983,6
54195,147
130998,59
140869,25
115479,53
19568,68
-1,-1
96558,12
181469,103
8248,146
12541,946
50823,10
38840,26
51496,53
-1,-1
18453,2082
50700,95
60811,58
62739,1
131994,8
44751,150
190714,10
158297,10
290729,190
102569,605
106856,88
101613,1062
