78089,2313,413494028
73591,99,23776669
75607,99,19773495
86425,99,38918228
71748,99,55731287
103027,99,44788093
87367,99,13189754
52954,99,33541778
311874,99,13086125
152737,99,13286601
375853,93,7444662
241681,94,8412419
46749,99,15856913
118376,99,13448800
187259,92,7091679
169382,99,13040731
130345,99,13059003
180865,91,6108325
227467,95,8797876
41746,99,23189001
284581,99,13268160
179185,90,5575546
221942,91,6152957
73167,99,13189793
159462,83,2766133
-1,0
-1,0
-1,0
-1,0
-1,0
-1,0
-1,0
4816,3939
56685,150
1334,2237
56399,322
6271,816
5918,294
27067,120
-1,460
-1,2500
-1,0
318725,153
40808,38086
11394,955
150111,259
26263,2091
199505,21
89356,539
158748,16
67944,673
95952,400
92220,20
274729,13
258076,11
58048,1271
58435,418
68579,20
150439,32
102508,64
147445,112
226137,10
201484,44
70794,466
84312,524
68494,479
45308,54
-1,0
74439,301
43592,909
214384,140
216554,91
315803,42
105438,180
327400,100
185156,1666
44877,432
83739,204
245005,58
18612,14
131816,76
-1,1
-1,0
209567,9
72213,220
208307,59
176993,25
170216,90
-1,1
20114,77
-1,1
165287,12
287359,103
10979,146
17692,975
99464,77
93175,12
211499,94
55088,67
71927,59
-1,0
25282,2085
64577,97
89131,77
71990,1
167639,8
17686,1650
236478,10
230008,10
57600,1330
108970,619
78330,138
129330,111
71041,1655
