96366,2201,333807756
87340,99,20229738
116756,99,15812653
100884,99,25440074
76762,99,42689975
98900,99,36298376
131592,99,13043816
49923,99,26938424
276512,99,13061067
165827,99,13042272
326155,92,6663337
211588,93,7284771
38389,99,15507473
125843,99,13151039
144783,92,6567390
257993,89,5033180
157069,92,7011953
165912,88,4548316
181482,94,7949695
44471,99,18738747
223936,99,13188480
163141,87,4152176
215165,88,4392691
84008,99,13062113
-1,-1
-1,-1
-1,-1
-1,-1
-1,-1
-1,-1
3410,3400
28855,150
787,2072
63133,236
5490,658
6763,209
32209,75
-1,-1
-1,-1
-1,-1
187725,153
-1,-1
100586,244
33250,1625
52513,44
106427,13
64253,630
64443,20
212827,13
167339,11
49092,1180
51114,409
52952,13
130059,29
83585,61
134510,93
-1,-1
178294,38
80940,354
94194,417
79438,362
15971,54
44118,217
36947,909
178086,135
201087,55
238036,42
84211,180
303006,91
155363,1666
76448,165
59660,204
62618,53
17747,10
156989,11
-1,-1
-1,-1
211288,6
60687,147
136636,59
146103,25
131937,53
20999,68
-1,-1
106917,12
191900,103
8643,146
13171,951
55768,11
41846,30
53616,53
-1,-1
19525,2082
52716,95
65045,59
63502,1
137188,8
47419,166
198156,10
169496,10
297940,190
105662,605
113284,88
103608,1062
