95623,2201,332930355
86756,99,20220917
116005,99,15803012
102031,99,24958565
76189,99,42518574
97928,99,36269660
130678,99,13043812
49065,99,26931499
275189,99,13060827
165031,99,13041542
324904,92,6653832
210347,93,7284611
38139,99,15507473
125582,99,13148569
143654,92,6567240
255273,89,5031338
155703,92,7010995
164728,88,4547434
180256,94,7949695
43521,99,18599185
222071,99,13188475
162524,87,4138596
213504,88,4392391
83409,99,13062113
-1,-1
-1,-1
-1,-1
-1,-1
-1,-1
-1,-1
3371,3396
28429,150
777,2072
62881,236
5467,655
6741,208
31890,75
-1,-1
-1,-1
-1,-1
185245,153
-1,-1
99742,244
33025,1625
104817,13
63963,630
63837,20
210730,13
164676,11
48635,1180
51005,409
52525,13
129431,29
83073,61
133800,93
-1,-1
177099,38
80540,354
93727,417
79068,362
15904,54
43444,217
36752,909
177165,135
199559,55
236451,42
83694,180
302019,91
154241,1666
75740,165
59079,204
59627,53
17487,10
155820,11
-1,-1
-1,-1
209894,6
59573,147
135444,59
145219,25
129126,53
20688,68
-1,-1
105164,12
189973,103
8583,146
13124,950
55013,11
41222,30
53279,53
-1,-1
19297,2082
52433,95
64620,59
63428,1
136130,8
46782,166
197149,10
167791,10
296618,190
105028,605
112198,88
103258,1062
