76419,2325,422095255
73141,99,23934660
76205,99,19851267
87232,99,39416269
72534,99,56215423
103253,99,45378983
88497,99,13192572
54543,99,33694459
311980,99,13089900
153249,99,13303726
336196,95,9318622
243295,94,8536503
47468,99,15857413
116141,99,13493704
189083,93,7206697
159401,99,13073561
130514,99,13064877
176788,92,6542349
219956,96,9713899
41488,99,23506972
286018,99,13289111
161443,92,6564053
216944,92,6520101
59574,99,13243055
145542,87,4087079
-1,0
-1,0
-1,0
-1,0
-1,0
-1,0
-1,0
4964,3950
59350,150
1389,2238
57316,322
6495,821
6091,298
27610,121
-1,460
-1,2500
-1,0
303126,167
42760,38086
11670,964
151964,268
25197,2151
211970,21
86389,596
162889,16
68690,673
110172,400
92410,20
275647,13
264144,11
51639,1383
58945,418
70493,20
152433,32
104189,64
149183,112
227612,10
204316,44
71305,467
85210,524
68974,480
47600,54
-1,0
78349,301
44056,909
216916,140
222110,91
322264,42
107116,180
330209,100
186994,1666
45639,432
85361,204
258448,58
19153,14
134065,76
-1,1
-1,0
212115,9
74457,220
218077,59
179379,25
172825,90
-1,1
20492,77
-1,1
145535,21
294892,103
11156,146
17701,987
106038,77
96227,12
222660,94
57069,67
73669,59
-1,0
25704,2085
65452,97
92167,78
72605,1
169632,8
18390,1650
238903,10
233772,10
58012,1335
109928,619
84175,138
132015,111
71507,1658
