112305,2208,361321499
77307,99,22368366
97196,99,17531885
123440,99,26943183
75458,99,48999243
91425,99,42788651
51410,99,13376285
50541,99,30847302
380648,99,13037584
152938,99,13145039
284009,96,10518053
231602,93,7656056
494920,91,6125457
119254,99,13310022
176088,91,6363535
107170,99,13208846
156348,95,9566627
137489,93,7337660
188347,96,9983016
51815,99,20024611
216151,99,13457354
196201,87,4109388
184468,92,6605805
212182,87,4017531
-1,-1
-1,-1
-1,-1
-1,-1
-1,-1
-1,-1
40947,1084
23808,250
61778,132
51166,312
90554,233
53702,80
39254,77
-1,-1
-1,-1
74726,1303
235382,168
104283,4456
16498,774
141676,200
77104,973
45722,63
88763,299
30215,402
273322,230
18292,73
17100,1191
8729,1016
29293,1750
63025,360
50632,30
25170,225
55786,105
148307,100
101351,69
150777,51
131960,232
189656,245
130449,233
55060,50
17213,1000
185987,203
232918,101
99132,203
122516,81
82908,210
224590,158
30294,4162
14524,919
9757,836
54508,196
38995,7
86921,171
66141,32
-1,-1
405108,5
10415,700
58465,260
96509,50
302502,22
105017,42
-1,-1
26359,422
378057,62
3259,250
59298,440
46487,94
47458,75
165081,41
29196,186
79568,22
-1,-1
65849,1038
17233,182
83015,60
-1,-1
33644,24
28868,1006
42579,286
39736,203
223299,376
556541,203
-1,-1
25584,469
122046,1007
