117175,2175,307010924
121793,99,17796852
101626,99,16483126
127429,99,22558033
76776,99,43138473
94752,99,37621140
56528,99,13241631
43232,99,28689536
433416,95,8790162
226171,95,8819737
276685,95,9009801
230104,92,6729623
579051,87,4023755
165093,99,13051435
186783,90,5366438
161989,95,8788774
140787,94,8308712
191897,87,3973321
178013,94,8393744
65773,99,16749367
212634,99,13261149
195588,86,3609057
200085,89,4949134
196702,86,3657924
-1,-1
-1,-1
-1,-1
-1,-1
-1,-1
-1,-1
34892,1043
17190,250
49450,131
46897,305
80522,228
49367,73
44774,56
-1,-1
-1,-1
65458,1303
216384,134
-1,-1
115188,200
83433,800
-1,-1
23460,399
382617,132
14387,73
12567,1173
8462,850
25587,1750
58218,360
41523,30
133505,28
49021,105
147368,77
95007,69
134484,51
120612,232
170841,245
119917,233
114241,25
11566,984
171535,203
208438,101
87783,200
105183,81
74300,210
213356,155
26751,4162
13309,888
7598,836
-1,-1
54917,4
83625,142
62602,29
-1,-1
-1,-1
7971,669
51754,200
87517,50
-1,-1
106120,39
-1,-1
19595,420
315465,62
2912,250
54285,409
33880,75
21186,174
66273,22
-1,-1
58873,1038
14914,182
65297,60
-1,-1
31766,23
19744,951
38903,286
38810,172
207859,355
668519,133
30441,350
112453,1000
