101572,2208,357897432
72281,99,22321175
88097,99,17531683
112889,99,25987199
67343,99,48313392
84838,99,42309950
49342,99,13363676
42196,99,30373735
406606,99,13034437
139678,99,13144037
271507,96,10516063
217749,93,7654258
466566,91,6034237
116111,99,13263050
164775,91,6231618
130762,99,13036754
143174,95,9566419
124926,93,7337473
177106,96,9743441
44670,99,19976937
199611,99,13457251
178497,87,4102665
168918,92,6580451
193254,87,4017531
-1,-1
-1,-1
-1,-1
-1,-1
-1,-1
-1,-1
37258,1064
20023,250
54512,131
48922,306
85786,229
53256,74
36695,74
-1,-1
-1,-1
67321,1303
199086,168
79450,4456
-1,-1
123464,200
72684,973
29027,63
59837,299
26519,402
259087,230
16215,73
14921,1191
7438,1016
27189,1750
60956,360
45950,30
25940,209
52059,105
155494,77
97672,69
141871,51
125655,232
178971,245
124632,233
117076,25
13528,998
178519,203
219990,101
91564,203
112857,81
78015,210
217274,158
28428,4162
14280,888
8633,836
29111,196
35829,7
82343,171
62788,32
-1,-1
-1,-1
8774,700
48459,260
91613,50
248897,22
98068,42
-1,-1
22647,422
341851,62
3105,250
55365,431
29345,93
39227,75
-1,-1
23805,186
72133,22
-1,-1
62154,1038
15932,182
71679,60
-1,-1
31795,24
22672,1000
40693,286
36623,203
209932,376
525890,203
23023,469
115687,1007
