102712,2175,307010924
111144,99,17796852
91822,99,16483126
110402,99,22558033
65143,99,43138473
82896,99,37621140
49027,99,13241631
34638,99,28689536
405657,95,8790162
202802,95,8819737
256593,95,9009801
212465,92,6729623
539552,87,4023755
148595,99,13051435
168341,90,5366438
136242,95,8788774
124969,94,8308712
166762,87,3973321
160985,94,8393744
53517,99,16749367
188096,99,13261149
179017,86,3609057
175536,89,4949134
172521,86,3657924
-1,-1
-1,-1
-1,-1
-1,-1
-1,-1
-1,-1
30217,1043
13804,250
42935,131
43675,305
72668,228
43427,73
38898,56
-1,-1
-1,-1
58901,1303
181094,134
-1,-1
106537,200
75555,800
17500,399
358432,132
12567,73
8351,1173
5727,850
23103,1750
54447,360
34303,30
123563,28
44118,105
133427,77
91421,69
123015,51
112135,232
157933,245
111727,233
110333,25
8179,984
160035,203
191790,101
78739,200
94628,81
68057,210
203395,155
23804,4162
11711,888
6380,836
-1,-1
47952,4
74923,142
58648,29
-1,-1
-1,-1
5502,669
45571,200
79723,50
-1,-1
95295,39
-1,-1
14324,420
277618,62
2580,250
45640,409
25418,75
16144,174
59225,22
-1,-1
53505,1038
13306,182
53732,60
-1,-1
28864,23
14454,951
35290,286
31927,172
197120,355
624127,133
25142,350
107370,1000
