113653,2175,307010924
119011,99,17796852
99008,99,16483126
120764,99,22558033
73296,99,43138473
91361,99,37621140
54648,99,13241631
40992,99,28689536
426014,95,8790162
220035,95,8819737
272051,95,9009801
225206,92,6729623
569244,87,4023755
161239,99,13051435
182188,90,5366438
155728,95,8788774
136989,94,8308712
186336,87,3973321
173274,94,8393744
59512,99,16749367
206531,99,13261149
191397,86,3609057
194335,89,4949134
190526,86,3657924
-1,-1
-1,-1
-1,-1
-1,-1
-1,-1
-1,-1
33586,1043
16264,250
47740,131
46146,305
78286,228
47499,73
43035,56
-1,-1
-1,-1
61575,1303
207123,134
-1,-1
111661,200
81748,800
22211,399
376706,132
13896,73
11372,1173
7881,850
24837,1750
57364,360
40086,30
131129,28
47885,105
144508,77
94360,69
131501,51
118536,232
167547,245
117964,233
113222,25
10789,984
168875,203
204405,101
85556,200
102477,81
72787,210
210515,155
25865,4162
12894,888
7212,836
-1,-1
52832,4
81484,142
61766,29
-1,-1
-1,-1
7332,669
49356,200
85608,50
-1,-1
103066,39
-1,-1
18331,420
305452,62
2830,250
52321,409
32090,75
20123,174
64574,22
-1,-1
57329,1038
14566,182
63198,60
-1,-1
30877,23
18575,951
38023,286
37420,172
204251,355
657416,133
29160,350
111086,1000
