97142,2175,307010924
105948,99,17796852
87592,99,16483126
104400,99,22558033
60674,99,43138473
77816,99,37621140
45660,99,13241631
31103,99,28689536
393378,95,8790162
192689,95,8819737
248022,95,9009801
205298,92,6729623
521510,87,4023755
141579,99,13051435
159364,90,5366438
126785,95,8788774
118139,94,8308712
158603,87,3973321
153139,94,8393744
51068,99,16749367
179346,99,13261149
171402,86,3609057
164421,89,4949134
163691,86,3657924
-1,-1
-1,-1
-1,-1
-1,-1
-1,-1
-1,-1
28576,1043
12640,250
40741,131
42307,305
70122,228
41367,73
36820,56
-1,-1
-1,-1
55438,1303
166039,134
103778,200
72451,800
15501,399
348789,132
11785,73
7364,1173
4887,850
22181,1750
52799,360
31332,30
119355,28
42597,105
127758,77
89318,69
119244,51
109448,232
153539,245
109190,233
108503,25
6368,984
153847,203
184301,101
75313,200
90238,81
65767,210
199375,155
22773,4162
11212,888
6125,836
45567,4
69214,142
57563,29
-1,-1
-1,-1
4827,669
43225,200
77058,50
-1,-1
91676,39
12389,420
262370,62
2449,250
41574,409
19859,75
12882,174
55755,22
-1,-1
51428,1038
12438,182
48442,60
-1,-1
27916,23
11735,951
33686,286
29418,172
190650,355
604549,133
24211,350
104511,1000
