94596,2203,397805535
127803,99,17380480
41889,99,21287056
61864,99,33840452
40595,99,57307219
44543,99,56470568
194792,92,7025168
26660,99,34009002
107363,99,13934781
16133,99,23381286
276334,95,8916986
177565,95,9205876
54931,99,14512997
212919,94,8727363
215085,88,4626946
155966,95,8967726
125890,96,10061515
113572,93,7198097
168585,95,9055435
48283,99,18284943
110548,99,15060818
135140,90,5425461
116115,96,9758705
221298,85,3366655
-1,-1
-1,-1
-1,-1
-1,-1
-1,-1
-1,-1
6069,2611
9193,431
2361,1110
38458,355
17149,442
10447,186
26979,87
59946,1069
-1,-1
47062,1842
102136,225
43537,9151
44625,586
65112,1014
4773,716
80812,34
13419,1201
86301,15
28512,528
118618,39
143727,400
19411,853
23033,102
43868,123
178239,25
135047,92
56953,146
101826,64
76045,376
49364,669
74801,384
53380,37
8822,1108
44619,804
55692,684
98787,170
37373,136
36495,333
193917,174
122177,2007
69776,191
15871,541
40469,83
24330,8
57299,303
70902,21
37434,6
129614,11
30069,294
19565,515
137379,25
65921,127
10559,82
-1,-1
67051,55
132949,139
66909,48
38896,504
6593,963
14098,344
39946,124
-1,-1
174898,211
16565,174
55232,81
-1,-1
155684,7
33354,402
86395,94
22512,306
158668,494
120893,595
67722,168
60013,1674
