89097,2248,493920415
132992,99,18438673
32693,99,24812395
63728,99,43974531
42938,99,67705378
46795,99,65882733
220457,95,8867092
28472,99,40374185
77212,99,15846689
11346,99,33758410
152235,99,13107483
193691,97,11141212
48432,99,15464679
156315,99,13163473
174109,93,7196938
55653,99,14469327
67920,99,13285187
136784,94,8349769
166373,99,13065633
45913,99,21608650
115543,99,16058714
120690,96,9800460
142281,97,10990801
163495,92,6558003
-1,-1
-1,-1
-1,-1
-1,-1
-1,-1
-1,-1
-1,-1
9394,2643
15813,431
3844,1116
44872,366
24397,448
15564,189
34338,93
65930,1129
-1,-1
57650,1842
104978,288
97452,15809
4025,1080
50533,698
76795,1014
40251,98
43615,863
83998,80
13361,1282
64048,27
36912,579
93864,131
140212,561
20894,877
23786,148
50907,123
214259,25
82965,252
54367,173
19836,278
66909,474
42098,817
83936,387
75249,42
-1,-1
16371,1109
49693,816
66868,684
64299,345
47777,137
41760,333
214270,174
102023,2466
83395,191
14967,687
117583,134
34752,8
68124,303
81232,21
32479,53
133325,13
46050,308
32907,591
161194,25
112386,127
7675,101
-1,-1
94562,55
182422,139
79049,48
50257,514
18537,251
11736,973
215436,54
21271,389
43088,180
-1,-1
189315,273
19253,177
63673,111
-1,-1
152304,9
58563,403
97004,94
28631,306
168910,550
141345,598
38422,273
86610,168
63478,1752
