89285,2248,493948665
133109,99,18438673
32745,99,24812395
63859,99,43974531
43029,99,67705378
46884,99,65882733
220812,95,8867092
28562,99,40374185
77306,99,15846689
11378,99,33758410
152528,99,13107483
193902,97,11141212
48557,99,15464679
156551,99,13163473
173771,93,7225188
55782,99,14469327
68063,99,13285187
137052,94,8349769
166631,99,13065633
46000,99,21608650
115722,99,16058714
120849,96,9800460
142507,97,10990801
163771,92,6558003
-1,-1
-1,-1
-1,-1
-1,-1
-1,-1
-1,-1
-1,-1
9421,2643
15894,431
3858,1116
44938,366
24465,448
15606,189
34403,93
65925,1129
-1,-1
57706,1842
105315,288
97654,15809
4045,1080
50674,698
76878,1014
40424,98
43791,863
84197,80
13366,1282
64156,27
37021,579
94057,131
140399,561
20912,877
23822,148
50956,123
214492,25
82968,252
54433,173
19872,278
66962,474
42108,817
83999,387
75490,42
-1,-1
16432,1109
49716,816
66920,684
64466,345
47848,137
41791,333
214402,174
102108,2466
83508,191
14994,687
118282,134
34813,8
68174,303
81281,21
32472,53
133455,13
46157,308
32974,591
161352,25
112143,127
-1,-1
7689,101
-1,-1
94683,55
182929,139
79143,48
50359,514
18651,251
11752,973
216493,54
21322,389
43133,180
-1,-1
189491,273
19262,177
63759,111
-1,-1
152398,9
58695,403
97061,94
28607,306
168738,550
141584,598
38677,273
86778,168
63541,1752
