92127,2242,487914452
132587,99,18411290
33175,99,24617174
63969,99,43442032
43101,99,67180197
46647,99,65533465
218740,95,8866142
28578,99,40020155
83204,99,15456699
11213,99,33731006
153702,99,13102266
199249,96,10359075
48093,99,15461210
154946,99,13163473
205105,90,5740040
55015,99,14468444
70171,99,13262829
136109,94,8252104
169442,99,13048946
45344,99,21608650
114634,99,16046280
119204,96,9800460
141162,97,10990016
195557,90,5352499
-1,-1
-1,-1
-1,-1
-1,-1
-1,-1
-1,-1
-1,-1
9207,2643
15452,431
3755,1116
44461,366
24064,448
15334,189
33962,93
65863,1129
-1,-1
57552,1842
102783,288
95383,15809
3948,1079
49819,698
76316,1014
39307,98
42373,863
83302,80
13314,1282
63492,27
36830,579
92826,131
139068,561
21123,869
25835,130
50638,123
212775,25
82516,252
54230,173
19676,278
66642,474
41825,817
83577,387
74016,42
-1,-1
16022,1109
49472,816
66464,684
63433,345
47336,137
41543,333
213551,174
101593,2466
82900,191
14808,687
117889,127
34298,8
67743,303
81013,21
33185,50
132621,13
45469,308
32335,591
160332,25
110886,127
7603,101
-1,-1
93661,55
179958,139
78578,48
49744,514
17998,251
11584,973
208708,54
20993,389
43982,170
-1,-1
188256,273
19198,177
63330,111
-1,-1
151747,9
57738,403
96626,94
28425,306
167903,550
140295,598
36845,273
85824,168
63200,1752
