103998,2197,620092439
59556,99,23692756
13731,99,30072751
8983,99,101523347
9706,99,104425344
20284,99,83363501
52663,99,13299993
9022,99,51530432
75163,99,15088982
51328,99,14677177
332697,92,6683687
360496,88,4407079
89234,99,13653069
141496,99,13114366
152207,92,6522682
312391,87,4095031
11306,99,15550649
198743,87,3973026
302101,87,4151420
8047,99,34184409
6389,99,54354994
126876,91,6075039
121700,96,9712293
135256,91,5940412
-1,-1
-1,-1
-1,-1
-1,-1
-1,-1
-1,-1
50997,842
165326,29
232035,27
104731,151
37625,337
5925,228
36891,70
470589,500
-1,-1
184195,259
39302,394
44327,20433
12456,1238
12711,2683
1818,383
3303,1653
-1,-1
244004,238
273224,5
-1,-1
136676,31
25020,1795
19548,864
18598,148
206437,11
137525,37
73824,242
47944,182
401727,10
3339,2653
4722,2526
3320,2689
17098,53
6687,1334
127461,318
138468,219
9788,1100
2467,471
30267,400
49918,618
2640,8442
31588,486
61561,207
2323,413
23290,9
53138,369
35255,84
-1,-1
205855,7
17760,459
25477,456
-1,-1
19418,421
6955,95
-1,-1
-1,-1
129085,148
538,540
187448,29
19081,100
28819,127
3428,1077
84862,6
-1,-1
24021,1903
224,651
12913,366
-1,-1
12523,36
2581,2836
-1,-1
-1,-1
47983,1330
59365,645
71759,166
35700,2409
