171400,2199,626068988
70902,99,23765151
17481,99,30371467
14326,99,103116953
14989,99,105772892
28541,99,84464651
66425,99,13307909
14881,99,52117263
93844,99,15088982
68457,99,14686045
391475,92,6683856
421391,88,4452399
107755,99,13655492
173480,99,13118396
191341,92,6526832
404672,87,4150936
16003,99,15730685
244855,87,4056025
362620,88,4405719
12319,99,34322221
8363,99,54420242
160587,91,6075639
153823,96,9816821
176181,91,5962412
-1,1,0
-1,0
-1,0
-1,0
-1,0
-1,0
-1,0
-1,0
68628,849
222534,29
284081,27
126170,151
49149,337
8909,234
47310,71
547928,500
-1,2485
214337,259
64962,394
97714,20433
36364,693
17096,1238
14825,2683
6037,383
14193,1653
-1,0
278325,238
325169,5
-1,4
187217,31
30240,1795
21285,873
18644,198
242524,11
160223,37
86676,242
52871,182
495712,10
3870,2659
5738,2526
3845,2695
40223,53
-1,0
11953,1334
142583,318
160203,219
13048,1100
3427,471
34129,400
56265,618
3066,8630
37810,486
77334,210
12902,413
31106,9
61312,369
34464,97
-1,0
241082,7
27393,459
42954,456
-1,1
36793,421
-1,0
9518,95
-1,0
-1,0
175337,148
692,540
246580,29
64155,100
43738,127
189016,86
5892,1077
106985,6
-1,0
28632,1903
291,651
17606,371
-1,0
14739,36
4822,2861
-1,1
-1,1
55747,1330
72097,645
-1,0
89398,166
39766,2409
