107701,2182,562014799
60946,99,23038271
15459,99,28495216
11770,99,82577187
11840,99,92840193
22318,99,77038638
52283,99,13265002
10550,99,46800790
71079,99,15079835
48732,99,14649343
328167,92,6547795
356859,87,4226664
85066,99,13649832
196849,96,10452365
239946,87,4113657
294961,87,4019685
11855,99,14912446
201019,86,3681387
289550,87,4055413
10772,99,29168880
6065,99,53939956
128433,90,5668480
122563,94,8689627
150084,89,5104137
-1,-1
-1,-1
-1,-1
-1,-1
-1,-1
-1,-1
61051,717
170259,26
228386,26
104081,147
54055,281
10744,180
42699,57
447041,500
-1,-1
174950,259
35695,394
33032,20433
11676,1238
12164,2683
-1,-1
235924,238
261677,5
-1,-1
123398,31
23681,1795
20525,822
-1,-1
197592,11
131981,37
70506,242
47318,181
380122,10
3900,2437
5540,2309
3887,2470
16441,53
5703,1334
123214,318
132915,219
9217,1100
2397,461
29363,400
59448,527
2642,8244
29733,486
57531,207
1170,413
37335,6
51792,352
36921,76
-1,-1
197983,7
15269,459
21853,456
-1,-1
18132,401
8736,86
-1,-1
-1,-1
120389,148
510,540
176294,28
26906,115
3406,1011
80188,6
-1,-1
22681,1903
210,646
16119,302
-1,-1
15665,32
2205,2819
-1,-1
-1,-1
46552,1330
56583,645
66803,166
35030,2409
