103407,2181,534324517
62932,99,22439260
18737,99,26549673
12877,99,75986771
13147,99,86627121
23259,99,73894341
61290,99,13165344
12363,99,42979034
69003,99,15073927
46764,99,14644463
319807,92,6546595
358405,87,4053526
82945,99,13649279
192677,96,9885889
232992,87,4099414
280854,87,4006136
14668,99,14365968
196794,86,3637117
293464,86,3640253
12455,99,27088439
6034,99,52682302
124495,90,5664279
117874,94,8553049
143364,89,5092337
-1,-1
-1,-1
-1,-1
-1,-1
-1,-1
-1,-1
66383,658
202612,20
242197,23
104114,143
59595,260
12215,161
45173,51
429663,500
-1,-1
173547,259
33462,394
24527,20433
14709,1100
11637,2673
-1,-1
229264,238
254454,5
-1,-1
111224,31
26370,1657
21098,797
-1,-1
190639,11
127642,37
67537,242
50726,164
362188,10
4697,2206
6701,2077
4663,2235
15976,53
5229,1301
120114,318
128629,219
9031,1076
2354,453
31986,360
63504,493
3206,7657
28377,486
54838,207
680,413
42675,5
49932,352
37162,73
-1,-1
193077,7
13542,455
20972,456
-1,-1
33249,211
11078,79
-1,-1
-1,-1
122894,140
475,540
166756,28
25190,106
4186,856
-1,-1
-1,-1
21717,1903
196,644
18049,260
-1,-1
17393,30
3147,2320
-1,-1
-1,-1
47824,1309
55126,645
63184,166
38955,2242
