106513,2198,625377504
60099,99,23764737
13538,99,30362254
9163,99,102771772
9780,99,105604498
20417,99,84341930
53201,99,13307904
9186,99,52094182
76946,99,15088982
52560,99,14686045
337443,92,6683856
364309,88,4452399
90660,99,13655492
143447,99,13118396
155748,92,6526832
319456,87,4137886
11269,99,15725930
198943,87,4056025
301568,88,4405499
8331,99,34322221
6544,99,54417042
129498,91,6075039
124090,96,9816821
138487,91,5961762
-1,-1
-1,-1
-1,-1
-1,-1
-1,-1
-1,-1
51618,849
169301,29
236245,27
106067,151
38581,337
5777,234
37158,71
479196,500
-1,-1
185281,259
41411,394
48640,20433
12715,1238
13015,2683
2329,383
4250,1653
-1,-1
246927,238
277888,5
-1,-1
141252,31
25398,1795
19850,868
14655,197
209745,11
139460,37
75007,242
48307,182
410087,10
3391,2653
4806,2526
3372,2689
17355,53
6985,1334
128896,318
140525,219
10000,1100
2570,471
30576,400
50489,618
2518,8630
32201,486
62331,210
2832,413
23747,9
53968,369
32347,97
-1,-1
209074,7
18686,459
26918,456
-1,-1
20381,421
7193,95
-1,-1
-1,-1
132913,148
548,540
192338,29
22544,100
30063,127
3612,1077
86555,6
-1,-1
24454,1903
227,651
12987,371
-1,-1
12727,36
2698,2861
-1,-1
-1,-1
48663,1330
60491,645
73420,166
36068,2409
