121175,2198,626067564
65906,99,23765151
15634,99,30371467
12237,99,103116953
12564,99,105772892
23702,99,84464651
59313,99,13307909
12273,99,52116439
85854,99,15088982
59891,99,14686045
358418,92,6683856
391242,88,4452399
99279,99,13655492
158784,99,13118396
172680,92,6526832
359618,87,4150936
13887,99,15730685
222126,87,4056025
328817,88,4405719
10532,99,34322221
7499,99,54420242
145554,91,6075039
140369,96,9816821
157089,91,5962412
-1,-1
-1,-1
-1,-1
-1,-1
-1,-1
-1,-1
59288,849
191770,29
259034,27
114683,151
43955,337
7346,234
42339,71
515421,500
-1,-1
206438,259
52777,394
75476,20433
25651,693
14674,1238
13901,2683
4297,383
9731,1653
-1,-1
263789,238
299347,5
-1,-1
165158,31
27937,1795
20372,873
16848,198
226736,11
149989,37
82052,242
50743,182
451023,10
3653,2659
5209,2526
3615,2695
23961,53
9574,1334
136594,318
152361,219
11291,1100
3031,471
32377,400
53415,618
2821,8630
35379,486
70566,210
7270,413
27333,9
58217,369
33858,97
-1,-1
226338,7
23793,459
36023,456
-1,-1
27028,421
8492,95
-1,-1
-1,-1
151214,148
605,540
216035,29
41615,100
38241,127
118435,86
4971,1077
98543,6
-1,-1
26775,1903
266,651
15930,371
-1,-1
13807,36
4055,2861
-1,-1
-1,-1
52571,1330
66147,645
-1,-1
81632,166
38156,2409
