99278,2173,483020671
59508,99,22211593
22349,99,24396582
18290,99,58294237
16339,99,75100433
24688,99,67611932
57430,99,13156077
14446,99,37825796
65692,99,15018242
43592,99,14576219
301738,92,6546407
350409,86,3877175
78397,99,13642672
203551,93,7550671
216526,87,4080579
253889,86,3936793
103925,97,11243378
185547,85,3517962
272738,86,3608811
12510,99,26190703
5706,99,51473141
115680,90,5659277
104943,94,8449628
130492,89,5052363
-1,-1
-1,-1
-1,-1
-1,-1
-1,-1
-1,-1
71331,594
184066,20
226367,23
105359,134
63201,243
16534,129
46713,45
397206,500
-1,-1
158977,259
27907,394
15726,1033
10801,2673
-1,-1
218396,238
240257,5
-1,-1
91662,31
34097,1376
27240,647
-1,-1
176262,11
120565,37
64466,230
55309,141
329067,10
5344,2025
7428,1933
4942,2121
15124,53
3857,1263
114796,309
120118,219
8223,1076
2133,446
39861,291
65906,463
2945,7657
30157,431
51427,207
47064,4
45715,337
39076,64
-1,-1
184092,7
10117,455
19102,456
-1,-1
38640,103
10528,78
-1,-1
114595,135
451,540
148398,27
38394,9
5032,613
-1,-1
-1,-1
20201,1903
180,619
28666,139
-1,-1
21842,26
14986,776
-1,-1
-1,-1
51414,1198
51762,645
57624,166
38244,2218
