199515,2199,626069123
74219,99,23765151
19035,99,30371467
16183,99,103116957
17027,99,105772893
31508,99,84464651
71153,99,13307909
17244,99,52117393
98810,99,15088982
73825,99,14686045
407267,92,6683856
441495,88,4452399
112557,99,13655492
183141,99,13118396
200720,92,6526832
433964,87,4150936
17607,99,15730685
257777,87,4056025
379764,88,4405719
13863,99,34322221
9101,99,54420242
169009,91,6075639
162816,96,9816821
188795,91,5962412
-1,1,0
-1,0
-1,0
-1,0
-1,0
-1,0
-1,0
-1,0
74920,849
245610,29
303891,27
132926,151
53150,337
10321,234
50975,71
558937,500
-1,2485
219282,259
68995,394
113659,20433
43866,693
19162,1238
15625,2683
6814,383
17410,1653
-1,0
288918,238
-1,0
342036,5
-1,4
202555,31
32082,1795
22089,873
20674,198
256633,11
168437,37
90381,242
53356,182
525577,10
4081,2659
5983,2526
4036,2695
48313,53
-1,0
14163,1334
147484,318
166655,219
14673,1100
3731,471
35398,400
58335,618
3260,8630
39773,486
82663,210
16467,413
34149,9
65030,369
35384,97
-1,0
251453,7
30496,459
49841,456
-1,1
36910,421
-1,0
10341,95
-1,0
-1,0
188693,148
727,540
266701,29
83117,100
48773,127
229069,86
6555,1077
115508,6
-1,0
30167,1903
320,651
19532,371
-1,0
15550,36
5412,2861
-1,1
-1,1
58066,1330
73902,645
-1,0
95280,166
40938,2409
