87917,2171,453957716
55046,99,22094514
25528,99,22827608
20914,99,49022554
16955,99,68471352
23861,99,63868206
48351,99,13152160
14332,99,34568275
59514,99,15006285
37609,99,14513864
277737,92,6545769
331840,86,3743980
71648,99,13639343
195704,92,6832876
193849,87,4071279
216301,86,3790221
94461,96,10222828
173721,85,3401693
243330,86,3601225
12504,99,25080631
5135,99,50589989
105220,90,5609197
93366,94,8449309
116669,89,4854558
-1,-1
-1,-1
-1,-1
-1,-1
-1,-1
70399,555
162926,20
218571,22
102835,127
63349,232
17730,114
46203,40
357245,500
-1,-1
146248,259
20505,389
14580,1033
9873,2673
-1,-1
203847,238
220909,5
-1,-1
60522,31
44502,1096
38860,462
-1,-1
153730,11
111106,37
59141,230
52767,141
277941,10
6391,1805
8924,1712
5878,1898
13835,53
2365,720
103327,309
108512,219
9561,926
2074,420
36856,291
62010,463
2810,7460
30025,397
47865,207
42625,4
38062,337
38427,64
-1,-1
171880,7
6608,455
16423,456
-1,-1
10077,76
-1,-1
96453,135
353,540
121828,27
-1,-1
6352,119
-1,-1
-1,-1
18229,1903
153,601
22684,122
-1,-1
23856,24
37791,9
-1,-1
-1,-1
48883,1198
47082,645
53011,166
40723,2079
