283587,2002,132701419
572292,90,5426686
531693,90,5358957
667431,94,8769996
538819,98,11951468
361076,99,14384799
293081,85,3298429
464238,96,9953625
164183,99,13217558
413538,85,3305785
218152,99,13034456
601251,80,2012444
1000038,75,1222588
126220,99,13092548
346059,83,2709278
631393,76,1364329
134653,93,7201631
353937,80,1986371
561276,75,1210766
454320,87,4279301
605247,80,2075770
396432,72,941471
315536,82,2473942
184093,85,3429221
-1,-1
-1,-1
-1,-1
-1,-1
-1,-1
-1,-1
203919,250
130454,29
190027,28
231058,52
191053,110
145298,25
177082,6
184635,549
-1,-1
-1,-1
384963,34
-1,-1
-1,-1
-1,-1
519383,66
241249,5
-1,-1
7671,651
-1,-1
-1,-1
-1,-1
183020,10
221188,11
-1,-1
-1,-1
331663,10
320388,16
347504,64
313019,19
99786,25
-1,-1
-1,-1
283076,38
-1,-1
-1,-1
-1,-1
460754,29
-1,-1
-1,-1
-1,-1
88487,2
-1,-1
-1,-1
-1,-1
185112,7
-1,-1
61791,136
-1,-1
-1,-1
352275,11
-1,-1
486737,17
93313,30
122243,71
-1,-1
-1,-1
-1,-1
-1,-1
-1,-1
121465,27
82670,13
-1,-1
157475,6
-1,-1
122905,37
62168,67
452737,50
933975,57
-1,-1
308063,93
