309334,2027,145474609
642114,90,5548447
585025,90,5482484
739450,95,9258301
605798,98,12511109
423084,99,14441795
353424,85,3302879
554718,96,10003264
196057,99,13218818
494538,85,3307785
252257,99,13034456
681037,80,2017500
1160946,75,1222892
149679,99,13112558
415243,83,2747566
618467,80,1987997
173133,93,7202445
439779,80,1986371
492446,80,1994093
510926,88,4496543
711437,80,2078110
468388,72,980229
391114,82,2499928
112691,99,13039039
-1,-1
-1,-1
-1,-1
-1,-1
-1,-1
-1,-1
242972,251
172821,29
232607,28
263972,52
222527,110
174619,25
200921,7
250491,549
-1,-1
-1,-1
531045,34
-1,-1
-1,-1
-1,-1
-1,-1
-1,-1
-1,-1
-1,-1
584064,66
283117,5
-1,-1
14691,651
-1,-1
-1,-1
-1,-1
220159,10
273440,11
-1,-1
-1,-1
398646,13
370091,16
343513,96
359450,19
107952,25
-1,-1
-1,-1
237231,88
-1,-1
-1,-1
-1,-1
508847,29
-1,-1
-1,-1
-1,-1
-1,-1
107845,2
-1,-1
-1,-1
-1,-1
213832,7
-1,-1
82402,136
-1,-1
178447,46
403430,11
-1,-1
-1,-1
627520,17
114427,30
164307,71
-1,-1
-1,-1
-1,-1
-1,-1
-1,-1
-1,-1
-1,-1
155803,27
117227,13
-1,-1
183679,6
-1,-1
141146,37
83867,67
516485,50
1079215,57
-1,-1
352563,93
