458932,2030,146257833
802633,90,5560985
723879,90,5495022
935014,95,9277183
753410,98,12585727
526828,99,14444930
455020,85,3303879
689842,96,10012718
238798,99,13231889
632094,85,3307785
220804,99,13059526
805940,80,2020500
1402960,75,1222892
181464,99,13137558
526144,83,2772566
781766,80,2036753
225055,93,7277445
523000,80,2041883
583553,81,2193158
618735,88,4515863
874167,80,2153110
593604,73,1005259
484608,82,2554163
149756,99,13047039
-1,1,0
-1,0
-1,0
-1,0
-1,0
-1,0
-1,0
-1,0
308371,251
253405,29
302012,28
321283,52
268446,110
221158,25
246722,7
298321,549
-1,2513
-1,0
757601,34
-1,0
-1,271
-1,0
-1,0
-1,0
-1,0
-1,0
695253,66
412478,26
346596,5
-1,0
22739,651
-1,0
-1,1
-1,0
269806,10
341903,11
-1,0
-1,0
508976,13
438090,16
424145,96
422111,19
167662,25
-1,0
-1,1
-1,0
288945,88
-1,0
-1,4
-1,1
574952,29
-1,0
-1,0
-1,0
-1,1
141374,2
-1,0
-1,0
-1,0
-1,0
255969,7
-1,0
132330,136
-1,1
282147,46
-1,0
479141,11
-1,0
-1,0
898397,17
139610,30
228251,71
-1,0
-1,1
-1,0
-1,1
-1,0
-1,0
-1,0
207097,27
183614,13
-1,0
216700,6
-1,1
161698,37
108031,67
620064,50
1259528,57
-1,0
-1,0
428886,93
