12368,2376,689362970
29788,99,33376787
48730,99,22638518
34926,99,68027977
44941,99,69922338
84214,99,50667295
32674,99,13675154
30935,99,41579378
18092,99,32977063
76142,99,14520908
16204,99,18351930
6389,99,31869449
6959,99,41353884
11091,99,17479903
49385,99,13405644
19186,99,20469717
7989,99,19782662
13404,99,15513029
10489,99,34468528
37880,99,24032153
36619,99,26494764
15422,99,16855214
7795,99,34924260
23284,99,13505172
15035,99,13471243
-1,0
-1,0
-1,0
-1,0
-1,0
-1,0
-1,0
13949,2318
16356,488
8743,736
14935,707
98014,241
61776,83
56906,63
295970,549
-1,2500
204415,284
8890,1371
-1,0
8835,1010
17650,1270
197009,243
3342,723
27360,1296
157027,17
27241,1009
64424,640
139257,13
7501,2943
23347,604
11669,2929
46336,517
72885,17
5972,548
285229,22
144495,116
171838,26
50291,143
47044,645
64078,634
47619,642
140235,25
-1,0
1547,3333
110306,441
7164,3787
14892,1075
37448,160
242804,45
1172,6321
154635,1927
120965,106
99598,170
274439,47
46717,7
55966,462
48634,61
-1,0
302758,6
74638,213
10923,1769
98643,53
59842,262
9125,553
50752,58
-1,0
25944,533
3826,1490
10475,150
141619,229
1340,1169
45322,145
12248,637
85037,12
46635,177
-1,0
37103,1673
3781,316
79907,93
-1,0
156526,9
29464,1197
42194,311
49465,188
129298,738
4586,1798
26516,553
1230,3412
56180,1964
