32703,2364,659110995
31336,99,32227797
50574,99,21978622
35025,99,64428589
45607,99,66754161
85916,99,48177072
38837,99,13536594
30777,99,40030874
18893,99,31527186
73686,99,14454503
18313,99,17492000
6569,99,31048244
6535,99,41235531
10741,99,17386715
48904,99,13384336
18450,99,20398680
7999,99,19300474
13445,99,15437716
11072,99,34235642
42521,99,22415633
36556,99,25835674
17309,99,16264683
7920,99,33984913
22605,99,13477743
79713,87,4097613
-1,0
-1,0
-1,0
-1,0
-1,0
-1,0
-1,0
13780,2237
14832,478
8155,726
15144,698
126254,198
63850,77
56584,60
290101,549
-1,2500
200779,284
9344,1311
-1,0
9294,960
28288,997
188888,243
3471,667
24551,1259
147124,17
26596,1009
132442,13
7279,2870
21856,604
14796,2556
46299,505
-1,3
5678,548
271761,22
140081,116
168903,26
47506,143
45812,645
62452,634
46388,642
128027,25
-1,0
1435,3245
107430,441
6871,3787
14366,1042
38995,153
232513,45
1091,6321
150602,1927
116835,106
94661,170
264443,39
44141,7
53436,462
47408,61
-1,0
293612,6
74152,200
10425,1676
94818,53
59613,262
5563,298
73676,50
-1,0
24238,533
4093,1440
10099,150
134983,223
1146,1167
51651,86
11256,612
78643,12
45128,170
-1,0
35672,1673
3633,316
74002,92
-1,0
152286,9
26944,1197
41121,311
47413,188
125205,738
4468,1793
22087,519
1301,3412
59232,1857
