22514,2277,486907386
56129,99,23482928
88868,99,16849294
99687,99,24599259
80126,99,40453279
109336,99,32909803
117633,99,13050570
36058,99,29425753
27519,99,21229353
75096,99,13611737
56104,99,13505442
6501,99,28147724
4422,99,41103141
17243,99,15327627
84881,99,13058015
31847,99,14913299
7567,99,16292348
22796,99,13748418
12013,99,24987610
99917,99,14078910
31616,99,23719091
39054,99,13192306
8704,99,26159071
79836,99,13062408
-1,-1
-1,-1
-1,-1
-1,-1
-1,-1
-1,-1
12407,1773
8442,426
7298,559
17589,538
133825,157
59198,61
70134,32
208455,549
-1,-1
166810,284
6794,1017
-1,-1
71809,364
172050,131
91993,17
21690,1006
-1,-1
12888,964
11409,602
162961,292
49053,416
-1,-1
4360,548
205249,22
112472,116
180973,13
35822,140
56453,479
78133,471
58312,468
82789,25
6467,1204
117792,328
5318,3695
26176,542
38842,131
205808,25
803,6311
136311,1797
123423,56
129299,74
68374,32
78428,3
73457,169
50742,44
-1,-1
242165,6
58831,132
8241,1014
76454,53
27002,262
68907,46
-1,-1
15191,463
3630,1268
7876,150
108587,154
-1,-1
45873,11
69504,12
-1,-1
28247,1652
3276,300
59491,61
-1,-1
157621,7
28724,440
46079,218
45591,124
130497,592
2954,1788
975,3402
73853,1405
