12852,2376,691560938
29908,99,33419528
48825,99,22694333
35159,99,68344762
45085,99,70293801
83494,99,51288250
33018,99,13675406
31404,99,41644552
18168,99,32977071
76651,99,14534127
15835,99,18539482
6386,99,31870817
6999,99,41356372
11149,99,17496533
49788,99,13405644
19122,99,20521634
8109,99,19802119
13483,99,15523635
10539,99,34476660
38310,99,24044866
36670,99,26601338
15234,99,16964970
7778,99,35088136
22658,99,13522072
16043,99,13474830
-1,0
-1,0
-1,0
-1,0
-1,0
-1,0
-1,0
14166,2318
16695,488
8865,736
15034,707
98796,241
62535,83
57454,63
296527,549
-1,2500
204800,284
8838,1382
-1,0
9093,1010
17942,1270
198638,243
3400,723
27668,1303
158758,17
27381,1009
68912,640
140156,13
6949,2943
23711,604
11768,2929
45354,529
72564,18
6004,548
287560,22
145330,116
172488,26
50735,143
47254,645
64387,634
47840,642
142156,25
-1,0
1583,3333
110868,441
7216,3787
15123,1075
36879,162
244635,45
1181,6321
155323,1927
121719,106
100478,170
280427,47
47252,7
56469,462
48843,61
-1,0
304323,6
75625,213
11206,1769
99270,53
60196,262
10334,553
51071,58
-1,0
26315,533
3837,1490
10541,150
143307,229
1382,1169
41442,191
12654,637
86324,12
46156,184
-1,0
37338,1673
3810,316
81359,93
-1,0
157239,9
29965,1197
42424,311
49739,188
130025,738
4602,1798
27780,553
1241,3412
56410,1964
