17417,2277,646038217
30945,99,31997773
57517,99,20898796
34917,99,62686994
45658,99,65394613
84205,99,47532694
42209,99,13479481
30123,99,39252378
18093,99,31499382
77257,99,14142439
16853,99,17284855
6400,99,30673555
6236,99,41235435
10677,99,17280662
69945,99,13177083
17414,99,20365946
7721,99,19236395
13949,99,15246684
9896,99,34011679
44175,99,21810190
35746,99,25704169
17230,99,15999436
7594,99,33898504
42266,99,13229074
-1,-1
-1,-1
-1,-1
-1,-1
-1,-1
-1,-1
-1,-1
13161,2209
13874,478
7818,720
14686,682
127646,193
61762,77
55522,59
287690,549
-1,-1
198455,284
8668,1283
-1,-1
9110,921
29379,950
184599,243
2854,667
22602,1253
141837,17
26248,1008
128107,13
6881,2734
20470,604
18497,2274
45866,502
-1,-1
5533,548
265171,22
137833,116
192988,16
46370,143
45227,645
61190,634
45811,642
121310,25
-1,-1
1387,3201
105630,441
6711,3787
15299,990
38239,152
227421,45
1052,6321
148434,1927
114838,106
92300,170
245486,38
42928,7
53550,450
51602,53
-1,-1
288816,6
71602,200
9721,1676
93063,53
53568,262
72335,50
-1,-1
23003,533
3984,1407
9848,150
131962,215
1071,1167
49724,86
9899,612
76005,11
44584,166
-1,-1
34963,1673
3704,312
72084,91
-1,-1
150141,9
25782,1197
40500,311
44945,188
138075,665
4201,1793
22029,462
1064,3412
60636,1805
