20778,2277,533873820
42727,99,26778865
79067,99,17896118
63332,99,35365549
65378,99,47630387
100252,99,37137455
75917,99,13134978
34620,99,31866289
27534,99,22114128
70375,99,13856959
40363,99,13918980
6393,99,28729489
4802,99,41232396
13426,99,15997416
81742,99,13082698
23476,99,16635458
7670,99,17284860
15478,99,14496728
10053,99,29436268
78121,99,16141189
33620,99,24144422
33684,99,13420247
7279,99,30446553
57980,99,13126388
-1,-1
-1,-1
-1,-1
-1,-1
-1,-1
-1,-1
11694,1967
9937,436
6140,667
16422,579
130667,169
55824,69
55731,47
238436,549
-1,-1
175442,284
7673,1038
-1,-1
46472,593
185402,137
1369,514
26650,567
109916,17
22972,1006
190670,7
12304,1277
14736,604
174523,295
45735,468
-1,-1
4735,548
224761,22
121257,116
178358,16
38625,143
58615,486
81318,478
60396,476
86392,25
2660,2017
113604,367
5842,3698
25671,591
39593,136
193846,45
858,6321
133184,1927
124121,67
141785,74
115513,37
50144,5
71246,217
53083,44
-1,-1
255238,6
62335,160
9000,1133
82429,53
33594,262
67701,48
-1,-1
17857,500
3751,1317
8564,150
111072,193
716,772
54785,21
54546,11
70257,20
-1,-1
30312,1673
3384,305
56367,86
-1,-1
151070,8
29885,601
49463,218
37560,188
126999,635
3253,1793
921,3412
66910,1565
