22255,2277,494004843
53723,99,23998358
85518,99,17107179
96418,99,25309354
77569,99,41476085
106850,99,33739790
96126,99,13074546
34947,99,30083453
27548,99,21330048
74005,99,13652740
56079,99,13516466
6410,99,28152334
4457,99,41104853
16832,99,15393368
81848,99,13066591
25663,99,15737800
7629,99,16384928
22480,99,13777243
11391,99,25567269
94406,99,14390329
31959,99,23806047
36181,99,13260839
8351,99,27005445
77067,99,13069778
-1,-1
-1,-1
-1,-1
-1,-1
-1,-1
-1,-1
12146,1817
8668,428
7200,570
16873,554
129047,163
54076,66
64910,36
213612,549
-1,-1
163516,284
6860,1023
-1,-1
69045,387
173200,137
95451,17
21912,1006
-1,-1
13443,979
12135,602
164330,295
47640,432
-1,-1
4437,548
208792,22
114215,116
182001,13
36527,140
55988,486
77502,478
57735,476
83391,25
6366,1243
119029,328
5429,3695
25136,565
39392,131
208595,25
814,6311
137872,1797
116585,67
131026,74
77490,32
60106,4
73327,175
51147,44
-1,-1
244066,6
61245,132
8366,1014
77680,53
28221,262
62381,48
-1,-1
15960,463
3679,1268
8018,150
106701,170
-1,-1
47510,11
70597,12
-1,-1
28654,1652
3328,300
60776,62
-1,-1
158564,7
25888,573
46735,218
46975,124
126394,611
2971,1788
842,3412
66995,1522
