21174,2277,540888067
43370,99,26877424
79970,99,17975214
65713,99,35618185
67444,99,47858926
102629,99,37361386
77876,99,13136223
36169,99,31929184
19411,99,27434386
72988,99,13857859
37295,99,14072878
6501,99,28883879
5002,99,41232564
13775,99,16041202
83891,99,13083688
24786,99,16640268
8058,99,17294141
15766,99,14541471
10318,99,29541493
81072,99,16178515
34758,99,24161550
32101,99,13531103
7589,99,30508640
59677,99,13127888
-1,-1
-1,-1
-1,-1
-1,-1
-1,-1
-1,-1
12255,1968
10611,436
6478,667
16788,579
133608,169
57595,69
56731,48
246469,549
-1,-1
178667,284
8141,1051
-1,-1
47855,593
190102,137
1788,535
31798,588
115056,17
23478,1006
195522,7
11737,1431
15668,604
178053,295
45875,473
-1,-1
4866,548
230720,22
123971,116
180402,16
39665,143
59415,486
82593,478
61164,476
87693,25
2831,2017
115430,367
6084,3698
26458,591
40856,136
198406,45
884,6321
135754,1927
126598,67
146061,74
129832,37
51299,5
72938,217
53755,44
-1,-1
260294,6
65844,160
10047,1133
83878,53
36062,262
69394,48
-1,-1
19062,500
3936,1317
8793,150
115482,193
933,803
57727,21
57098,11
72388,20
-1,-1
31094,1673
3508,305
58533,86
-1,-1
152759,8
31901,601
50212,218
38559,188
130026,635
3362,1793
942,3412
67379,1576
