70876,2216,384076289
113772,99,17311425
57226,99,18606415
53295,99,32428354
42181,99,50601059
41785,99,52495341
154022,96,9867576
32107,99,28355517
52687,99,15895492
215933,93,7222088
258642,94,8411946
139144,97,11749917
140320,99,13129689
69672,99,13502622
127352,91,6374987
101915,98,12344162
106921,96,10136534
98546,92,6760256
30832,99,15912416
36024,99,18677057
69471,99,16590024
103947,91,6423913
142836,90,5654414
111492,90,5625085
-1,-1
-1,-1
-1,-1
-1,-1
-1,-1
-1,-1
44964,793
19750,167
44415,121
74093,189
88223,199
26965,96
86946,21
185619,543
-1,-1
57968,1232
57093,265
100863,209
3008,4446
75430,14
39095,765
173936,6
30517,326
-1,-1
182927,170
28858,617
14406,133
167436,13
158375,25
132620,71
-1,-1
47782,105
184930,104
181214,203
210977,77
84052,25
3907,1217
56917,614
262690,47
150601,75
12396,210
90144,143
348787,62
230687,958
55969,214
84404,121
36808,5
41436,385
67364,19
-1,-1
255527,5
52546,108
73848,108
128166,25
-1,-1
81879,41
-1,-1
252843,65
37369,62
75522,228
-1,-1
-1,-1
34109,126
-1,-1
127927,348
5181,248
27875,140
75442,1
92562,11
49791,39
37671,252
39789,118
368969,84
216685,502
94159,92
134169,741
