66194,2256,525255416
47325,99,25908456
24071,99,25451542
37551,99,48687242
24548,99,74158970
25618,99,76207418
37077,99,13437730
19538,99,39576988
37005,99,19396962
152154,99,13087536
262714,97,10894174
73357,99,13310509
160040,99,13143377
65898,99,13859869
146830,92,6997024
66080,99,13611931
108224,99,13041098
112573,94,7989732
28725,99,17828223
15364,99,28003637
66896,99,18238655
108138,94,8148188
115288,97,11179592
71227,99,13096563
-1,-1
-1,-1
-1,-1
-1,-1
-1,-1
-1,-1
52659,834
28579,168
56027,123
79676,199
100240,204
33236,99
63555,41
228986,560
-1,-1
70846,1232
76884,277
46959,20698
38781,679
2543,5190
-1,-1
55685,253
56066,109
36659,835
206502,6
43614,366
-1,-1
152298,384
25489,738
16147,177
111569,39
188090,25
47315,400
127575,43
53344,111
144149,191
148626,290
159365,164
91855,25
8375,1222
66669,614
280646,55
106135,164
15468,213
66153,250
253643,125
264147,958
67612,215
15655,575
46149,115
46528,5
49463,421
62456,31
-1,-1
292118,5
10876,603
76565,138
148652,25
247712,17
20607,70
-1,-1
16625,549
291067,73
19205,102
96571,250
-1,-1
-1,-1
57421,9
36410,171
20967,9
146328,351
6095,254
19781,279
76724,1
43552,20
30167,615
31609,373
54820,118
286571,220
250484,502
102969,110
133172,847
