79038,2257,526515443
53900,99,25908652
28792,99,25460195
50715,99,48719316
32781,99,74193982
32581,99,76243530
45432,99,13437730
28312,99,39625278
43292,99,19396962
177316,99,13090079
288494,97,10986052
83500,99,13310509
181524,99,13143377
77385,99,13859869
169891,92,6997024
82212,99,13612971
125202,99,13043078
126577,95,8982677
35959,99,17828223
20224,99,28003637
77948,99,18238655
128749,94,8157472
137113,97,11179592
86123,99,13096583
-1,-1
-1,-1
-1,-1
-1,-1
-1,-1
-1,-1
64077,834
38390,168
68958,123
90019,199
113727,204
40862,99
74119,41
271630,560
-1,-1
79304,1232
106848,277
83275,20698
26890,704
48574,679
2687,5190
-1,-1
104245,253
68823,109
41148,835
234405,6
53575,366
-1,-1
172859,384
26946,738
19324,177
121471,39
209365,25
53695,400
136539,43
60845,111
153269,196
160702,295
168356,169
115555,25
-1,-1
12485,1222
72070,614
308910,55
122434,164
18254,213
72971,250
268485,125
287037,958
75140,215
19054,575
108434,115
55650,5
54771,421
67606,31
-1,-1
326357,5
14778,603
98477,138
162156,25
355936,17
24267,70
-1,-1
21587,549
350319,73
21155,102
114411,250
-1,-1
-1,-1
-1,-1
74686,9
42730,171
26058,9
160862,351
6959,254
25331,281
79873,1
48094,20
43836,616
34303,373
63402,118
318204,220
279254,502
-1,-1
117393,110
146258,847
