69316,2207,345678075
128712,99,16209268
68892,99,17359967
64174,99,27746016
52881,99,43825737
55087,99,43450326
147398,95,8953965
38952,99,25233041
57945,99,15202042
208365,92,6634285
259075,93,7485172
134640,97,10887564
131836,99,13127699
73265,99,13370535
151129,90,5347608
105427,95,9107676
100687,95,9439770
96135,91,6255370
29809,99,15751628
46434,99,16855021
66181,99,16356177
99815,91,6164159
142078,90,5361298
102648,90,5553751
-1,-1
-1,-1
-1,-1
-1,-1
-1,-1
-1,-1
43598,767
16952,166
41253,120
78327,170
84339,198
25522,94
86850,19
165554,543
-1,-1
53696,1232
47606,265
96601,209
4188,3803
58495,14
39147,747
162100,6
35644,228
-1,-1
172394,170
29094,592
18559,74
153361,13
147304,25
125454,71
-1,-1
206257,25
198023,82
190115,181
233896,54
80884,25
1764,1217
52481,614
258516,40
165087,55
11190,210
85755,140
338331,62
219322,958
87578,91
138713,52
34497,5
39918,335
65225,19
-1,-1
242770,5
43670,108
96656,71
146901,10
77253,41
-1,-1
229120,65
34373,62
65037,225
-1,-1
-1,-1
38950,74
-1,-1
120989,348
4939,240
42650,52
-1,-1
122825,8
40207,20
34393,252
33010,118
358756,79
204008,502
108959,65
133804,709
