127024,2274,529569682
59071,99,25972757
32593,99,25707954
62210,99,48882837
39745,99,74948945
38388,99,77425564
53659,99,13438390
35516,99,40033320
48250,99,19396962
206275,99,13090079
315952,97,10986782
94297,99,13310509
200505,99,13143377
88354,99,13860719
191456,92,7011038
96836,99,13612971
141091,99,13044257
143086,95,9073578
37717,99,17828243
25026,99,28113591
90349,99,18239481
143527,94,8159012
154223,97,11179592
110956,99,13106483
688847,17,3241
-1,0
-1,0
-1,0
-1,0
-1,0
-1,0
-1,0
77149,834
53086,168
82940,123
101511,199
127848,204
49442,99
84500,41
281877,560
-1,1418
81448,1232
128067,277
114437,20698
41505,706
61103,679
2968,5190
-1,0
143232,253
81446,109
43580,835
-1,0
261993,6
58781,366
-1,3
196796,384
27814,756
23098,177
132624,39
232571,25
56120,414
142917,43
68373,111
165118,196
176137,295
180529,169
148670,25
-1,0
17038,1222
77115,614
334207,55
149400,164
21177,213
79989,250
284277,125
273211,1124
82340,215
22374,575
173956,115
65523,5
60119,421
72081,31
-1,0
356785,5
11253,755
124903,138
177282,25
256780,52
-1,0
27526,70
-1,0
26107,549
424710,73
23231,102
136525,250
-1,0
-1,2
-1,0
91336,9
48417,171
30575,9
175688,351
7552,254
29686,281
83209,1
52278,20
54948,616
36174,373
72268,118
346864,220
299958,502
-1,0
132619,110
157441,847
