74729,2257,526504842
51814,99,25908512
27282,99,25460195
46523,99,48715205
29978,99,74192129
29694,99,76242678
41241,99,13437730
24965,99,39624563
41223,99,19396962
167663,99,13090079
277074,97,10986052
80095,99,13310509
173594,99,13143377
73514,99,13859869
161650,92,6997024
76448,99,13612971
120938,99,13041098
118910,95,8981727
32083,99,17828223
18674,99,28003637
74149,99,18238655
120593,94,8157472
129694,97,11179592
79258,99,13096583
-1,-1
-1,-1
-1,-1
-1,-1
-1,-1
-1,-1
59172,834
33688,168
63141,123
85154,199
108543,204
37777,99
70268,41
251012,560
-1,-1
76321,1232
94163,277
71548,20698
22725,695
43776,679
2614,5190
-1,-1
88746,253
65094,109
39220,835
221916,6
50253,366
-1,-1
164384,384
26576,738
18441,177
118276,39
201917,25
51681,400
133376,43
58273,111
149206,196
155420,295
164173,169
95515,25
10661,1222
70540,614
300426,55
114874,164
17329,213
70570,250
263277,125
279640,958
72693,215
18036,575
83216,115
52231,5
53405,421
66292,31
-1,-1
312879,5
13533,603
91086,138
157569,25
309144,17
23061,70
-1,-1
20422,549
323956,73
20516,102
108347,250
-1,-1
-1,-1
-1,-1
68857,9
41232,171
24909,9
155981,351
6766,254
23511,281
78961,1
46610,20
39239,615
33519,373
60687,118
307749,220
268082,502
-1,-1
112610,110
142103,847
