124233,2274,529569682
58915,99,25972757
32323,99,25707954
61546,99,48882837
39185,99,74948945
37980,99,77425564
53080,99,13438390
34766,99,40033320
47842,99,19396962
204269,99,13090079
314419,97,10986782
93541,99,13310509
199042,99,13143377
87361,99,13860719
189603,92,7011038
95414,99,13612971
139731,99,13044257
141503,95,9073578
37400,99,17828243
24607,99,28113591
89112,99,18239481
141820,94,8159012
152551,97,11179592
109796,99,13106483
660428,17,3241
-1,0
-1,0
-1,0
-1,0
-1,0
-1,0
-1,0
76188,834
51814,168
81851,123
100676,199
126658,204
48765,99
83685,41
281411,560
-1,1418
81221,1232
125879,277
111955,20698
40544,706
59971,679
2940,5190
-1,0
140159,253
80306,109
43324,835
-1,0
261532,6
59446,366
-1,3
194883,384
27756,756
22742,177
131688,39
230689,25
55792,414
142602,43
67859,111
164374,196
175089,295
179697,169
146459,25
-1,0
16579,1222
76721,614
332312,55
147313,164
20902,213
79435,250
283141,125
271797,1124
81761,215
22087,575
168700,115
64679,5
59774,421
71776,31
-1,0
354370,5
11075,755
122485,138
176105,25
254946,52
-1,0
27277,70
-1,0
25595,549
419365,73
23034,102
134641,250
-1,0
-1,2
-1,0
89818,9
47874,171
30068,9
174479,351
7507,254
29190,281
82996,1
51927,20
53880,616
36046,373
71774,118
344301,220
298582,502
-1,0
131302,110
156600,847
