61005,2250,472025129
68428,99,21779014
35456,99,22031654
40383,99,41084003
29176,99,63469443
30184,99,65615919
58049,99,13188230
21771,99,35263691
37486,99,18447960
148875,99,13055519
262395,95,9253145
146101,98,12645136
148635,99,13138585
67096,99,13676949
139049,92,6555832
93654,99,13075017
111854,98,12368175
105627,93,7341675
26736,99,17338396
18891,99,23714398
66866,99,17472087
101531,93,7708063
104365,97,10748874
84584,99,13053364
-1,-1
-1,-1
-1,-1
-1,-1
-1,-1
-1,-1
48388,811
23498,167
49047,123
78025,191
94207,200
29627,97
68361,33
196837,560
-1,-1
68476,1232
63918,277
-1,-1
34984,679
2152,5190
45146,109
34238,835
188459,6
34436,366
-1,-1
195904,173
27083,677
13898,175
124385,30
172077,25
61062,275
192448,10
48137,111
170668,134
171324,233
194094,105
87778,25
6253,1217
62136,614
264592,53
134308,105
13773,212
95667,146
267394,108
245776,958
60851,215
24422,389
21005,101
40613,5
45020,420
59899,30
-1,-1
271957,5
57501,135
73604,121
137620,25
185675,17
34305,58
-1,-1
12790,549
283286,65
41143,62
87933,232
-1,-1
-1,-1
35042,150
18093,9
136659,348
5722,251
18120,263
75855,1
40781,20
64969,41
28958,373
46895,118
368881,102
232468,502
91161,110
127918,835
