77845,2257,526515282
53268,99,25908652
28370,99,25460195
49585,99,48719316
31933,99,74193982
31502,99,76243530
44515,99,13437730
27558,99,39625117
42627,99,19396962
175337,99,13090079
284401,97,10986052
82184,99,13310509
178862,99,13143377
76236,99,13859869
167297,92,6997024
80424,99,13612971
123387,99,13043078
124286,95,8982677
34103,99,17828223
19828,99,28003637
76825,99,18238655
126963,94,8157472
135310,97,11179592
84107,99,13096583
-1,-1
-1,-1
-1,-1
-1,-1
-1,-1
-1,-1
62653,834
36970,168
67514,123
88650,199
112266,204
39873,99
73007,41
263103,560
-1,-1
78617,1232
103253,277
79178,20698
25807,704
47230,679
2660,5190
-1,-1
99875,253
67643,109
40630,835
231091,6
52323,366
-1,-1
170404,384
26809,738
19055,177
120430,39
206974,25
53165,400
135692,43
60040,111
152047,196
158957,295
167063,169
109709,25
-1,-1
12085,1222
71533,614
306466,55
119940,164
17985,213
72284,250
266846,125
284917,958
74417,215
18773,575
99587,115
54595,5
54278,421
67269,31
-1,-1
322586,5
14481,603
96407,138
160764,25
340585,17
23978,70
-1,-1
21173,549
341281,73
20932,102
112487,250
-1,-1
-1,-1
-1,-1
72993,9
42232,171
25688,9
159457,351
6901,254
24789,281
79568,1
47670,20
42826,616
34022,373
62183,118
314960,220
275566,502
-1,-1
115858,110
145015,847
