-1,-1,-1
-1,-1,-1
-1,-1,-1
-1,-1,-1
-1,-1,-1
-1,-1,-1
-1,-1,-1
-1,-1,-1
-1,-1,-1
-1,-1,-1
-1,-1,-1
-1,-1,-1
-1,-1,-1
-1,-1,-1
-1,-1,-1
-1,-1,-1
-1,-1,-1
-1,-1,-1
-1,-1,-1
-1,-1,-1
-1,-1,-1
-1,-1,-1
-1,-1,-1
-1,-1,-1
-1,-1
-1,-1
-1,-1
-1,-1
-1,-1
1314898,4
611215,4
-1,-1
-1,-1
-1,-1
-1,-1
-1,-1
-1,-1
-1,-1
-1,-1
-1,-1
-1,-1
-1,-1
-1,-1
-1,-1
-1,-1
-1,-1
-1,-1
-1,-1
-1,-1
-1,-1
-1,-1
-1,-1
-1,-1
-1,-1
-1,-1
-1,-1
-1,-1
-1,-1
-1,-1
-1,-1
-1,-1
-1,-1
-1,-1
-1,-1
-1,-1
-1,-1
-1,-1
-1,-1
-1,-1
-1,-1
-1,-1
-1,-1
-1,-1
-1,-1
-1,-1
-1,-1
-1,-1
-1,-1
-1,-1
-1,-1
-1,-1
-1,-1
-1,-1
-1,-1
-1,-1
-1,-1
-1,-1
-1,-1
-1,-1
-1,-1
-1,-1
-1,-1
-1,-1
-1,-1
-1,-1
-1,-1
-1,-1
-1,-1
