-1,-1,-1
-1,-1,-1
-1,-1,-1
-1,-1,-1
-1,-1,-1
-1,-1,-1
-1,-1,-1
-1,-1,-1
-1,-1,-1
-1,-1,-1
-1,-1,-1
-1,-1,-1
-1,-1,-1
-1,-1,-1
-1,-1,-1
-1,-1,-1
-1,-1,-1
-1,-1,-1
-1,-1,-1
-1,-1,-1
-1,-1,-1
-1,-1,-1
-1,-1,-1
-1,-1,-1
-1,-1
-1,-1
-1,-1
-1,-1
-1,-1
-1,-1
1470512,4
711029,4
-1,-1
-1,-1
-1,-1
-1,-1
-1,-1
-1,-1
-1,-1
-1,-1
-1,-1
-1,-1
-1,-1
-1,-1
-1,-1
-1,-1
-1,-1
-1,-1
-1,-1
-1,-1
-1,-1
-1,-1
-1,-1
-1,-1
-1,-1
-1,-1
-1,-1
-1,-1
-1,-1
-1,-1
-1,-1
-1,-1
-1,-1
-1,-1
-1,-1
-1,-1
-1,-1
-1,-1
-1,-1
-1,-1
-1,-1
-1,-1
-1,-1
-1,-1
-1,-1
-1,-1
-1,-1
-1,-1
-1,-1
-1,-1
-1,-1
-1,-1
-1,-1
-1,-1
-1,-1
-1,-1
-1,-1
-1,-1
-1,-1
-1,-1
-1,-1
-1,-1
-1,-1
-1,-1
-1,-1
-1,-1
-1,-1
-1,-1
-1,-1
-1,-1
-1,-1
-1,-1
-1,-1
