-1,-1,-1
-1,-1,-1
-1,-1,-1
-1,-1,-1
-1,-1,-1
-1,-1,-1
-1,-1,-1
-1,-1,-1
-1,-1,-1
-1,-1,-1
-1,-1,-1
-1,-1,-1
-1,-1,-1
-1,-1,-1
-1,-1,-1
-1,-1,-1
-1,-1,-1
-1,-1,-1
-1,-1,-1
-1,-1,-1
-1,-1,-1
-1,-1,-1
-1,-1,-1
-1,-1,-1
-1,-1
-1,-1
-1,-1
-1,-1
-1,-1
-1,-1
1594092,4
794417,4
-1,-1
-1,-1
-1,-1
-1,-1
-1,-1
-1,-1
-1,-1
-1,-1
-1,-1
-1,-1
-1,-1
-1,-1
-1,-1
-1,-1
-1,-1
-1,-1
-1,-1
-1,-1
-1,-1
-1,-1
-1,-1
-1,-1
-1,-1
-1,-1
-1,-1
-1,-1
-1,-1
-1,-1
-1,-1
-1,-1
-1,-1
-1,-1
-1,-1
-1,-1
-1,-1
-1,-1
-1,-1
-1,-1
-1,-1
-1,-1
-1,-1
-1,-1
-1,-1
-1,-1
-1,-1
-1,-1
-1,-1
-1,-1
-1,-1
-1,-1
-1,-1
-1,-1
-1,-1
-1,-1
-1,-1
-1,-1
-1,-1
-1,-1
-1,-1
-1,-1
-1,-1
-1,-1
-1,-1
-1,-1
-1,-1
-1,-1
-1,-1
-1,-1
-1,-1
-1,-1
-1,-1
-1,-1
-1,-1
-1,-1
-1,-1
-1,-1
