-1,-1,-1
-1,-1,-1
-1,-1,-1
-1,-1,-1
-1,-1,-1
-1,-1,-1
-1,-1,-1
-1,-1,-1
-1,-1,-1
-1,-1,-1
-1,-1,-1
-1,-1,-1
-1,-1,-1
-1,-1,-1
-1,-1,-1
-1,-1,-1
-1,-1,-1
-1,-1,-1
-1,-1,-1
-1,-1,-1
-1,-1,-1
-1,-1,-1
-1,-1,-1
-1,-1,-1
-1,-1
-1,-1
-1,-1
-1,-1
-1,-1
-1,-1
1325641,4
617358,4
-1,-1
-1,-1
-1,-1
-1,-1
-1,-1
-1,-1
-1,-1
-1,-1
-1,-1
-1,-1
-1,-1
-1,-1
-1,-1
-1,-1
-1,-1
-1,-1
-1,-1
-1,-1
-1,-1
-1,-1
-1,-1
-1,-1
-1,-1
-1,-1
-1,-1
-1,-1
-1,-1
-1,-1
-1,-1
-1,-1
-1,-1
-1,-1
-1,-1
-1,-1
-1,-1
-1,-1
-1,-1
-1,-1
-1,-1
-1,-1
-1,-1
-1,-1
-1,-1
-1,-1
-1,-1
-1,-1
-1,-1
-1,-1
-1,-1
-1,-1
-1,-1
-1,-1
-1,-1
-1,-1
-1,-1
-1,-1
-1,-1
-1,-1
-1,-1
-1,-1
-1,-1
-1,-1
-1,-1
-1,-1
-1,-1
-1,-1
-1,-1
