-1,487,550625
-1,38,30786
-1,30,13425
-1,40,37795
-1,44,58977
-1,1,12
-1,28,11092
-1,52,134519
-1,45,62628
-1,19,4055
-1,1,0
-1,45,63870
-1,23,6360
-1,25,7947
-1,41,44642
-1,46,74502
-1,1,0
-1,1,0
-1,1,0
-1,1,0
-1,1,0
-1,1,15
-1,1,0
-1,1,0
-1,1,0
-1,0
-1,0
-1,0
-1,0
-1,0
-1,0
-1,0
1784292,4
926773,4
-1,0
-1,0
-1,0
-1,0
-1,0
-1,0
-1,2500
-1,0
-1,0
-1,0
-1,2
-1,0
-1,0
-1,0
-1,0
-1,0
-1,0
-1,0
-1,0
-1,0
-1,0
-1,0
-1,0
-1,0
-1,0
-1,0
-1,0
-1,0
-1,0
-1,0
-1,0
-1,0
-1,0
-1,0
-1,0
-1,0
-1,0
-1,0
-1,0
-1,0
-1,0
-1,0
-1,0
-1,0
-1,0
-1,0
-1,0
-1,0
-1,0
-1,0
-1,0
-1,0
-1,0
-1,0
-1,0
-1,0
-1,0
-1,0
-1,0
-1,0
-1,0
-1,0
-1,0
-1,0
-1,0
-1,0
-1,0
-1,0
-1,0
-1,0
-1,0
-1,0
-1,0
-1,0
-1,0
-1,0
-1,0
-1,0
-1,0
