19499,2277,494005809
20665,99,32518418
45346,99,20144140
61771,99,30689040
46136,99,49804057
55821,99,46334460
14908,99,13769642
27614,99,30655064
7851,99,51316969
65099,99,13718040
72217,99,13285402
50511,99,13720366
19158,99,18890369
131400,99,13083606
43055,99,13213679
22411,99,15714539
33131,99,13339846
19618,99,13804332
43498,99,14677596
27598,99,20543084
151827,99,13588352
31246,99,13349694
29256,99,14576082
21688,99,13269032
-1,-1
-1,-1
-1,-1
-1,-1
-1,-1
-1,-1
10675,1833
10441,314
7293,539
11548,664
91718,197
75710,48
29538,71
262484,508
-1,-1
-1,-1
106914,198
124946,134
70698,845
90074,8
205771,257
14540,65
188350,12
-1,-1
144112,334
27514,650
17494,112
142675,25
164766,25
40079,395
8785,814
115132,53
50329,512
54580,596
47418,542
25653,50
40679,146
227947,101
61253,550
31905,444
226113,40
19047,523
188182,170
1569,9352
115795,57
14531,522
-1,-1
67043,174
-1,-1
-1,-1
3799,118
79028,62
47086,189
114856,26
98666,44
48097,51
83908,11
188420,94
23326,84
178025,10
-1,-1
-1,-1
68715,8
-1,-1
9310,2802
82966,55
99123,6
-1,-1
2196,71
-1,-1
97970,63
81124,46
277332,196
21721,716
6283,885
155809,617
