14904,2277,597001676
22373,99,33465520
42142,99,21454670
42651,99,43845703
35206,99,62541076
43847,99,58053389
11261,99,14266079
20997,99,37819404
5446,99,90937828
36983,99,16128593
80774,99,13289375
37249,99,14905133
21310,99,18944492
104287,99,13296185
46906,99,13240637
24324,99,16297150
34886,99,13492182
6448,99,17014977
40781,99,15722065
18224,99,25906533
166939,99,13716743
34838,99,13363805
28564,99,15989205
21761,99,13310932
-1,-1
-1,-1
-1,-1
-1,-1
-1,-1
-1,-1
11203,1987
13797,314
8828,540
12679,664
47599,305
74385,55
21076,109
319874,508
-1,-1
-1,-1
136553,198
74532,2390
84821,324
40389,1462
31099,24
72623,77
120773,8
138560,396
17305,65
139266,54
-1,-1
105764,631
28341,677
16877,162
156057,25
186338,25
36562,496
8168,930
128827,53
27573,846
30264,930
26370,881
27296,50
12361,965
142039,273
63485,605
32407,495
250187,41
15220,661
70459,470
993,11201
82056,153
17596,522
52447,83
199590,1
73945,195
-1,-1
-1,-1
4496,118
40926,237
29846,377
130699,26
10715,694
55616,51
-1,-1
113446,11
223359,94
24686,88
200092,17
35519,41
-1,-1
-1,-1
73999,13
-1,-1
4013,4236
83194,65
107256,14
-1,-1
2172,77
93722,10
107968,63
99559,46
183692,423
24348,717
7091,969
152577,703
