23667,2277,422539225
23030,99,29770433
44170,99,19499393
70770,99,25335051
56251,99,41330814
74383,99,35466571
12282,99,13600622
32795,99,25953802
23559,99,20540350
96646,99,13136833
67506,99,13248543
55660,99,13351433
18873,99,18028783
129832,99,13041125
44412,99,13153539
21162,99,15059482
41042,99,13177898
23304,99,13493416
53548,99,13679537
37738,99,17738516
142272,99,13404294
40537,99,13084443
26768,99,14242425
25371,99,13201922
-1,-1
-1,-1
-1,-1
-1,-1
-1,-1
11859,1539
7534,314
12598,335
10360,654
105466,168
119092,28
45555,40
209346,508
-1,-1
-1,-1
91713,177
114444,134
85092,578
-1,-1
324145,133
14329,56
155610,12
-1,-1
131857,317
32883,528
37754,9
154701,10
143137,25
60007,222
8630,751
104129,53
151279,134
241277,123
135830,160
23850,50
213850,90
76770,350
30520,408
224262,34
48497,256
336950,60
2711,7498
103707,57
13352,515
-1,-1
72038,78
-1,-1
-1,-1
5091,93
89444,6
39637,189
99549,26
134213,30
49506,11
161241,89
139281,11
-1,-1
-1,-1
-1,-1
17270,1949
77814,41
69057,5
-1,-1
3092,56
86706,63
62110,46
255654,193
22271,700
6792,756
148725,585
