13102,2376,722133607
28769,99,34153169
50837,99,22664843
48879,99,58276861
41195,99,75140051
48939,99,69937405
12240,99,14811692
28913,99,44226189
5362,99,131016009
46253,99,17461230
103476,99,13350880
48429,99,15038259
27082,99,19525104
120120,99,13479755
66433,99,13257225
32833,99,17087044
49925,99,13620875
3848,99,23000299
31441,99,19335951
18698,99,31466656
220242,99,13866127
40081,99,13627064
26634,99,18892604
29154,99,13456944
11257,99,15441371
-1,0
-1,0
-1,0
-1,0
-1,0
-1,0
-1,0
17804,2110
29223,314
15329,541
16444,680
46922,362
62018,86
26523,127
406217,508
-1,2500
-1,0
211187,216
170794,2390
17388,895
133970,340
33582,1872
23352,169
169249,178
42540,355
88931,592
37759,1165
25957,67
108796,153
-1,0
114227,789
28187,755
19604,217
189457,25
238015,25
44766,516
9650,932
164417,53
16858,1277
19352,1355
16256,1315
62409,50
-1,0
21140,1126
148891,320
75439,655
27664,761
336305,41
14556,793
82602,471
912,12893
100163,160
25422,538
33550,353
124350,3
-1,0
73443,311
105838,12
-1,0
6991,118
41565,384
37198,664
163842,26
16972,871
71728,132
73390,51
-1,0
176603,11
283035,109
31003,88
286982,21
29715,247
-1,1
-1,2
-1,4
104908,13
-1,0
2437,5744
107829,65
177356,15
-1,0
2882,79
166002,15
84093,129
30260,321
206057,481
27068,740
-1,0
9974,1029
138607,990
