18381,2277,521906552
21731,99,32795607
43746,99,20700057
51852,99,35405979
39879,99,55234091
50465,99,50913904
12511,99,13986701
22617,99,34536053
7892,99,53206709
50411,99,14404706
75981,99,13285402
37463,99,14680980
20016,99,18893729
97639,99,13279589
44355,99,13229547
22248,99,16188051
33599,99,13371033
9285,99,15349796
45867,99,14707010
20767,99,22901633
159146,99,13605239
32670,99,13357966
33992,99,14590308
22024,99,13282462
-1,-1
-1,-1
-1,-1
-1,-1
-1,-1
-1,-1
10871,1885
11580,314
7811,540
11928,664
69325,239
79287,48
27464,80
283711,508
-1,-1
-1,-1
118605,198
50547,2390
86258,286
63724,987
101788,8
133286,389
15557,65
200379,12
-1,-1
150476,334
27510,667
18064,125
147975,25
172647,25
34760,479
8350,882
119786,53
34867,695
37785,780
32733,733
26252,50
21053,507
134735,273
64419,550
33797,444
236772,40
19772,523
192334,170
1182,10260
121091,57
15271,522
121877,8
-1,-1
68765,192
-1,-1
-1,-1
4043,118
50031,156
49127,192
120464,26
106692,57
50318,51
-1,-1
95136,11
201830,94
22936,88
187561,12
-1,-1
-1,-1
67852,13
-1,-1
4567,3859
77158,65
108622,7
-1,-1
2134,74
-1,-1
101714,63
87709,46
262458,230
22708,716
6478,942
158340,629
