93142,2213,348691840
279812,99,13502362
151302,99,14951873
125100,99,23714789
93786,99,40300282
72325,99,45386739
173038,98,11876195
93367,99,21815693
406669,98,11811406
216344,96,10547517
281753,95,9082177
230269,92,6917989
352842,97,10936145
95539,99,13397882
184257,90,5463353
159482,95,9680134
125394,98,12074145
163787,89,5095719
216454,92,6603915
93442,99,15290222
15972,99,34368234
146486,90,5350003
147467,93,7414331
64906,99,13110735
-1,-1
-1,-1
-1,-1
-1,-1
-1,-1
-1,-1
89830,581
287871,16
46502,147
126276,126
111055,191
74562,56
58800,45
142639,663
-1,-1
192133,240
26566,501
60352,6792
110443,230
11751,2800
36991,35
-1,-1
16625,644
124154,432
254987,5
128890,68
67948,137
224298,151
94600,204
-1,-1
100645,46
91363,58
197061,41
-1,-1
190489,37
73403,400
196522,216
162008,160
75023,25
20834,679
57091,692
373205,25
268692,26
42600,132
216163,29
480995,33
243985,1070
96268,118
28602,388
52373,102
118157,2
156159,19
86865,12
-1,-1
288604,5
43529,236
231583,29
119034,32
114276,79
300968,18
-1,-1
92258,27
95211,189
126359,26
58913,401
38731,55
51361,32
55785,10
58097,50
-1,-1
242634,51
67810,81
76828,47
106298,1
108784,11
47616,230
-1,-1
15940,446
461703,57
281164,457
151675,57
111885,1018
