106624,2178,306740489
288522,99,13217581
162261,99,14339344
139546,99,20340447
99052,99,36536443
79455,99,39795228
166734,96,10060189
95184,99,20348609
421653,94,8635352
211836,95,8866895
320512,92,6560105
323603,88,4751401
363161,94,8242192
151922,99,13058047
184673,89,5251006
149449,94,8646474
124775,95,9135314
180480,86,3967123
254849,89,5152244
114444,99,13578430
14646,99,33702744
173913,86,3734922
161631,90,5742932
71577,99,13077467
-1,-1
-1,-1
-1,-1
-1,-1
-1,-1
-1,-1
99511,497
507547,7
47745,126
131515,112
122437,167
74717,51
66499,34
143247,625
-1,-1
180099,240
70398,263
35599,6792
100552,230
16510,2290
23612,320
124040,412
233072,5
209564,10
52826,137
206077,151
96613,178
-1,-1
94519,46
84171,58
182055,41
-1,-1
175527,37
87697,316
183036,216
225070,75
70753,25
16099,679
53163,692
344149,25
245185,26
39330,130
198340,29
459265,33
226909,1070
128292,51
24449,388
20917,100
112979,2
149316,11
81259,12
-1,-1
268262,5
33282,236
210666,29
109531,32
127253,45
287212,17
-1,-1
75464,27
157699,115
114740,26
50860,401
40842,32
45546,10
57364,34
-1,-1
224270,51
65244,77
69449,42
-1,-1
123011,9
74387,16
-1,-1
13535,446
432928,57
312228,354
135706,57
106493,1018
