110339,2178,306740489
295743,99,13217581
166459,99,14339344
143998,99,20340447
102888,99,36536443
82246,99,39795228
170438,96,10060189
99579,99,20348609
428347,94,8635352
217716,95,8866895
326227,92,6560105
329547,88,4751401
370106,94,8242192
156217,99,13058047
188865,89,5251006
155753,94,8646474
128600,95,9135314
185352,86,3967123
261451,89,5152244
119110,99,13578430
15202,99,33702744
177366,86,3734922
167133,90,5742932
73897,99,13077467
-1,-1
-1,-1
-1,-1
-1,-1
-1,-1
-1,-1
102474,497
518197,7
49438,126
133961,112
125565,167
76608,51
68366,34
149657,625
-1,-1
178084,240
73328,263
42750,6792
102229,230
17044,2290
25759,320
126555,412
238752,5
217632,10
57964,137
211221,151
98309,178
-1,-1
96327,46
86325,58
186824,41
-1,-1
180043,37
89461,316
186941,216
229467,75
71896,25
17527,679
54183,692
352298,25
252206,26
40439,130
203563,29
465272,33
231898,1070
131707,51
25516,388
27988,100
113793,2
154048,11
82868,12
-1,-1
273523,5
36225,236
215616,29
112714,32
139047,45
293323,17
-1,-1
80774,27
163244,115
118078,26
53266,401
43995,32
48638,10
58815,34
-1,-1
229385,51
67051,77
72824,42
-1,-1
125248,9
79486,16
-1,-1
14456,446
439228,57
318002,354
140274,57
107477,1018
