112625,2139,250722689
274968,99,13101601
239209,99,13107772
249549,99,14433363
112662,99,31094772
80726,99,34907049
146247,95,8804973
132384,99,16382443
388692,93,7706206
206981,92,6593403
321615,90,5670120
333870,86,3777746
317934,94,8028570
186003,93,7428803
154831,89,5098200
124095,93,7400148
111143,93,7833428
167767,85,3550785
217006,89,4902791
144821,98,12013364
17193,99,28078367
206659,82,2424832
166086,87,4351964
131569,87,4031989
-1,-1
-1,-1
-1,-1
-1,-1
-1,-1
-1,-1
110160,404
476401,6
73722,68
118543,110
117183,158
75515,44
88706,18
178864,528
-1,-1
152215,240
94531,183
90792,230
16654,2111
35659,52
133772,353
199198,5
167320,10
33004,103
178767,151
113423,109
-1,-1
123842,25
75709,56
-1,-1
-1,-1
152958,37
79989,316
165220,214
204281,75
63012,25
8219,462
44338,692
293309,25
207788,26
36153,122
172603,26
420579,33
201152,1067
111599,51
21188,388
-1,-1
112738,11
72986,12
-1,-1
237204,5
35855,131
187387,25
94312,32
268635,16
44928,27
122247,115
92458,26
35093,401
16102,32
21833,10
62098,6
-1,-1
200042,48
57016,68
-1,-1
-1,-1
150975,6
38842,16
-1,-1
27014,146
393661,54
275382,346
124793,50
99391,1004
