64755,2352,463311054
292911,99,14217904
98614,99,18389069
92798,99,38439189
77373,99,55074573
62713,99,61069649
87529,99,13204023
77645,99,29357905
174369,99,13595461
217413,99,13073380
106639,99,13324557
209425,97,11362611
291666,99,13058830
73791,99,14168356
171703,95,8992385
153601,99,13103402
30874,99,14390053
122595,99,13035528
205876,98,12303021
68072,99,19825351
21807,99,34892530
135527,95,9471571
158311,97,10924657
30765,99,13433846
144956,88,4603203
-1,0
-1,0
-1,0
-1,0
-1,0
-1,0
-1,0
93004,739
402748,16
60381,175
106714,192
117077,219
70087,78
62654,59
160516,686
-1,2410
230020,240
27992,692
82125,31502
35045,748
170692,230
9976,3263
107385,51
54345,906
8634,1548
146193,433
330744,50
325867,5
164793,68
106768,137
279359,168
80711,302
92203,8
120611,46
113986,58
35391,620
-1,1
186862,50
85199,402
242680,216
185480,165
137546,25
-1,1
42234,689
66456,692
321055,69
312933,50
57154,133
269364,32
547569,33
286603,1070
109910,134
40654,388
111451,205
149324,2
125710,96
104405,12
-1,0
357221,5
15893,656
331445,29
144257,32
162707,99
99518,51
320842,21
-1,2
115462,49
56835,347
156701,27
83625,404
82549,106
34726,320
106054,248
16372,620
54661,139
-1,0
296989,54
50210,115
119005,50
108161,1
38598,24
69405,421
-1,4
17772,508
533739,72
264923,529
92389,125
100518,160
111099,1186
