88225,2223,358702818
283211,99,13502362
152416,99,14970964
126143,99,23937687
95347,99,40406624
73677,99,45422450
175999,98,11884156
95215,99,21864392
245736,99,13100328
211263,98,12112042
278440,95,9643093
215872,93,7620012
352546,98,11899107
88729,99,13496556
167044,91,6033445
152344,97,10993308
98965,99,13068010
152192,90,5575290
208561,92,7074957
94758,99,15339588
16378,99,34373934
138021,90,5758436
149428,93,7504713
62006,99,13121364
-1,-1
-1,-1
-1,-1
-1,-1
-1,-1
-1,-1
89524,590
292498,16
46536,150
122962,131
111665,192
75811,56
59691,45
145372,663
-1,-1
194183,240
27332,505
65724,6792
112084,230
11889,2800
42466,35
-1,-1
16468,674
125539,432
259091,5
131355,68
70101,137
226941,151
95222,204
-1,-1
101616,46
92468,58
199555,41
-1,-1
192957,37
73984,400
198621,216
163326,160
75880,25
21501,679
57673,692
379000,25
272291,26
43412,132
219177,29
484876,33
246761,1070
97421,118
29294,388
53007,110
119236,2
158437,19
87613,12
-1,-1
292790,5
45049,236
235642,29
120370,32
119070,79
303864,18
-1,-1
94851,27
80685,216
128289,26
60239,401
42759,55
53046,32
57297,10
59073,50
-1,-1
245777,51
68616,81
78508,47
105743,1
109657,11
49339,230
-1,-1
15702,457
468063,57
266243,488
154054,57
113196,1018
