112311,2141,252529965
275276,99,13106463
239534,99,13111994
248570,99,14487854
112513,99,31263060
79943,99,35301815
148013,95,8812234
130271,99,16548624
391454,93,7706206
208725,92,6600938
323619,90,5679010
332600,86,3826186
320125,94,8029907
188124,93,7430899
156422,89,5102338
125828,93,7401001
112343,93,7871211
159884,86,3673340
218475,89,4905289
144781,98,12099164
17040,99,28378311
207437,82,2430354
166994,87,4374764
127187,88,4389003
-1,-1
-1,-1
-1,-1
-1,-1
-1,-1
-1,-1
110036,407
479129,6
74275,68
119286,110
116870,159
76080,44
83712,20
120223,608
-1,-1
153168,240
96448,183
91349,230
15799,2176
37124,52
134696,353
200782,5
169142,10
34761,103
180122,151
110869,115
-1,-1
124766,25
76165,56
-1,-1
-1,-1
154144,37
80364,316
166062,214
205285,75
63428,25
9481,462
44802,692
295965,25
209760,26
36550,122
174215,26
422842,33
202502,1067
112283,51
21316,388
-1,-1
114551,11
73392,12
-1,-1
238636,5
37109,131
189566,25
95050,32
269971,16
46709,27
123941,115
93778,26
35926,401
17661,32
23439,10
62700,6
-1,-1
201368,48
58103,68
-1,-1
-1,-1
151827,6
41166,16
-1,-1
27594,146
395634,54
277299,346
125630,50
99630,1004
