48576,2344,443205131
291916,99,13965432
108611,99,17419424
86646,99,37193557
77951,99,51643181
65800,99,56247914
86969,99,13172751
77979,99,27537757
177128,99,13476395
216314,99,13048754
102271,99,13316324
201396,97,10815474
289373,99,13054573
70569,99,14112751
161074,95,8991352
149693,99,13072717
31918,99,14080590
124463,98,11821633
207011,96,10261197
65896,99,19271927
19847,99,34753802
129635,95,9015110
148097,97,10830761
27673,99,13414428
115648,83,2687327
-1,0
-1,0
-1,0
-1,0
-1,0
-1,0
-1,0
88969,712
365491,16
54931,171
103277,187
117617,208
66769,75
61472,55
161939,676
-1,2410
222826,240
26906,669
100965,18726
32225,720
151473,230
11675,3000
86186,51
43616,906
8504,1443
140040,433
308541,5
157345,68
94856,137
258535,168
80274,289
91860,5
114003,46
106865,58
33548,620
-1,1
222617,37
81854,401
229438,216
178195,164
118527,25
-1,0
34863,679
63639,692
433024,25
329095,26
52245,133
252206,32
527138,33
274696,1070
103989,134
37097,388
96286,184
139120,2
121256,86
97936,12
-1,0
338402,5
13803,656
286999,29
136123,32
180425,80
-1,0
341175,18
-1,0
122161,27
67699,295
148267,27
76442,402
61668,106
75024,32
89367,232
37677,145
52792,124
-1,0
280092,54
49864,112
103261,50
106784,1
39918,23
59717,421
-1,1
17943,497
503886,72
257791,529
69566,122
93333,160
108449,1167
