109801,2171,295123220
286335,99,13217264
170441,99,14146420
161463,99,18694315
104759,99,35297423
81308,99,38945566
164454,96,10000584
103620,99,19533647
417451,94,8634552
209596,95,8806395
321052,91,6481830
342894,87,4276479
362410,94,8035770
189690,96,10027241
181688,89,5239119
148291,94,8401003
124842,95,8859776
180347,86,3853738
252134,89,5069740
123910,99,13305334
15739,99,32316335
203852,84,3227889
159422,90,5698146
82144,99,13054654
-1,-1
-1,-1
-1,-1
-1,-1
-1,-1
-1,-1
100046,489
542502,6
46829,126
130051,112
120885,167
78611,48
72364,30
144926,618
-1,-1
175703,240
96045,220
31490,6792
99660,230
16231,2290
31464,198
122757,412
230388,5
205867,10
53807,124
203599,151
97967,171
-1,-1
93519,46
82943,58
179370,41
-1,-1
173205,37
86702,316
180816,216
222599,75
70110,25
15274,679
52516,692
339637,25
241624,26
41159,126
195533,29
456397,33
224489,1070
126535,51
24023,388
17329,100
-1,-1
146713,11
79527,12
-1,-1
265709,5
35496,213
221410,25
107976,32
-1,-1
284600,17
-1,-1
73286,27
154519,115
112860,26
49568,401
38913,32
43755,10
57360,31
-1,-1
221845,51
65084,76
82794,22
-1,-1
121948,9
71711,16
-1,-1
18685,323
437227,54
313053,346
132662,57
105647,1018
