61194,2350,461789542
287539,99,14217904
96502,99,18379153
89806,99,38439189
75176,99,54965905
61392,99,60778735
87218,99,13196323
74726,99,29334848
171183,99,13595461
212615,99,13073380
105876,99,13321887
205534,97,11362611
287214,99,13058830
72792,99,14152952
167971,95,8992385
151016,99,13096677
29843,99,14389998
119672,99,13035528
202028,98,12303021
66545,99,19779151
21092,99,34892530
133098,95,9301090
154655,97,10924657
29276,99,13433846
154245,86,3763481
-1,0
-1,0
-1,0
-1,0
-1,0
-1,0
-1,0
90814,739
393439,16
58736,175
104981,192
114817,219
68302,78
61343,59
159650,686
-1,2410
227509,240
27896,675
78587,31502
33706,745
165403,230
10043,3228
101964,51
51472,906
8325,1548
144381,433
293480,50
322384,5
162762,68
103220,137
273758,168
79855,302
90095,8
118838,46
112236,58
34849,620
-1,1
184234,50
84283,402
238846,216
183415,165
132692,25
-1,1
39735,689
65683,692
450755,25
306619,50
55614,133
264929,32
542013,33
283171,1070
108272,134
39724,388
103643,205
146588,2
123678,96
102854,12
-1,0
352217,5
15305,656
319626,29
142036,32
161970,99
84979,51
316986,21
-1,2
111932,49
55259,347
154589,27
81364,404
78227,106
33582,310
100108,248
15955,609
53363,139
-1,0
292263,54
49621,115
114609,50
107719,1
38150,24
66423,421
-1,4
17950,508
525182,72
262373,529
86790,125
98529,160
109861,1186
