62302,2352,462961205
289701,99,14217904
97428,99,18379153
91048,99,38439189
75985,99,55037508
61608,99,60998021
86490,99,13204023
76013,99,29337384
172588,99,13595461
214743,99,13073380
105914,99,13324557
207478,97,11362611
289346,99,13058830
73544,99,14153791
169733,95,8992385
153183,99,13096677
30294,99,14390053
121051,99,13035528
203970,98,12303021
66952,99,19825351
21415,99,34892530
134656,95,9316090
156367,97,10924657
29798,99,13433846
137632,88,4569255
-1,0
-1,0
-1,0
-1,0
-1,0
-1,0
-1,0
91852,739
397900,16
59501,175
105776,192
115841,219
69114,78
61931,59
160181,686
-1,2410
228218,240
28453,675
80283,31502
34143,747
167653,230
9872,3263
104458,51
52724,906
8466,1548
145215,433
312046,50
323403,5
163340,68
104700,137
276244,168
80188,302
90878,8
119665,46
112954,58
35055,620
-1,1
185342,50
84673,402
240493,216
184267,165
134870,25
-1,1
40665,689
66014,692
314804,69
309404,50
56333,133
266925,32
544581,33
284713,1070
108998,134
40155,388
107005,205
147821,2
124256,96
103391,12
-1,0
354638,5
15554,656
324800,29
143019,32
162712,99
91380,51
318793,21
-1,2
113285,49
56009,347
155651,27
82576,404
80035,106
34195,310
102631,248
16242,609
53883,139
-1,0
294412,54
49862,115
116446,50
107862,1
38364,24
67666,421
-1,4
17679,508
529258,72
263650,529
89171,125
99430,160
110384,1186
