33219,2277,450895628
108934,99,18950239
73907,99,18378573
46749,99,43536085
75499,99,45252310
85968,99,41494900
52745,99,13322044
106036,99,20947989
53972,99,16812641
34678,99,16896465
104953,99,13178584
67676,99,13448005
23692,99,18410828
50935,99,14289490
23200,99,14181384
54837,99,14010364
67982,99,13187100
36706,99,13483941
70341,99,13948575
38741,99,20777706
39338,99,22860757
49376,99,13122607
24380,99,17334763
86622,99,13070278
-1,-1
-1,-1
-1,-1
-1,-1
-1,-1
-1,-1
25379,1316
16305,294
19804,327
105440,153
31546,367
23450,125
54087,50
-1,-1
-1,-1
-1,-1
142124,204
58336,11080
22388,953
34979,1626
45041,32
15195,952
-1,-1
38958,817
13683,82
-1,-1
156733,23
33238,1555
184341,53
-1,-1
-1,-1
195090,25
114756,132
127349,44
52881,113
145818,190
152733,285
147027,186
13629,60
15576,878
89880,476
43451,947
52293,342
109617,82
20338,546
214748,159
118338,2117
29213,531
42902,293
22732,210
42681,6
102473,97
-1,-1
-1,-1
152941,10
38556,273
51760,230
142753,25
164283,50
87270,44
-1,-1
-1,-1
105222,178
150811,21
81887,311
16136,138
25142,202
29808,104
-1,-1
-1,-1
40457,1414
43164,112
83193,40
-1,-1
49450,19
14192,1368
-1,-1
-1,-1
263164,263
25325,716
40962,296
98264,1155
