33385,2277,440489680
112344,99,18558263
78755,99,17904321
51729,99,39781405
80634,99,43031101
89889,99,39604669
51256,99,13319234
109422,99,20359882
52146,99,16812380
33207,99,16896465
102190,99,13178584
65661,99,13447690
23113,99,18410478
49286,99,14283129
22362,99,14181109
53526,99,13961392
66609,99,13179544
36959,99,13443148
69279,99,13907766
41471,99,19940504
38210,99,22809609
58051,99,13074030
23419,99,17334699
83552,99,13070278
-1,-1
-1,-1
-1,-1
-1,-1
-1,-1
-1,-1
24821,1301
15315,294
19079,326
104881,151
32109,359
23218,123
54603,48
-1,-1
-1,-1
-1,-1
132328,204
81441,1929
25412,872
34223,1626
33870,32
15381,815
-1,-1
38186,817
12930,82
-1,-1
150013,23
38978,1400
181307,53
-1,-1
-1,-1
190956,25
112201,132
125904,44
51626,113
143549,190
150077,285
144870,186
13299,60
14646,878
88418,476
42276,947
50991,342
106390,82
19984,546
212118,159
116004,2117
32644,474
59952,213
18551,210
42105,6
100181,97
-1,-1
-1,-1
149596,10
36126,273
48781,230
140008,25
153970,50
85434,44
-1,-1
-1,-1
101017,178
146700,21
78809,311
41731,45
23708,202
28255,104
-1,-1
-1,-1
46426,1265
42127,112
80156,40
-1,-1
58625,17
21977,912
-1,-1
-1,-1
257417,263
24740,716
39427,296
96476,1155
