75661,2194,264792667
229099,99,13431231
174374,99,13694528
216996,99,15120426
180337,99,24735096
180012,99,21107866
167010,91,6274327
206372,99,14183966
108291,99,13556389
39751,99,14394013
207168,98,12486424
133785,97,10768291
27028,99,16145093
94722,99,13166547
131338,90,5556552
154572,90,5810453
136023,91,6041731
93429,91,6336704
159550,92,6680508
150060,97,11625630
46296,99,18481285
126043,88,4472259
139937,90,5359567
111203,90,5363781
-1,-1
-1,-1
-1,-1
-1,-1
-1,-1
-1,-1
39761,803
11747,223
19263,235
139162,91
98618,178
56424,55
79154,21
-1,-1
-1,-1
-1,-1
108127,167
64096,365
57319,948
-1,-1
71666,541
27315,35
-1,-1
-1,-1
130396,335
240854,5
-1,-1
-1,-1
150712,25
231095,5
-1,-1
41501,110
196520,82
183840,187
195345,83
10654,60
45811,13
114040,277
106107,230
176974,50
81661,81
16651,537
262488,99
93459,2111
96065,71
65429,151
146416,1
90061,40
-1,-1
-1,-1
125566,10
66959,50
40613,190
109217,25
166707,26
-1,-1
94552,139
104947,21
57982,249
20549,11
24729,5
-1,-1
-1,-1
154499,187
49563,77
-1,-1
-1,-1
108002,9
36849,19
-1,-1
-1,-1
276351,168
54209,637
46902,190
102852,971
