57498,2249,337230325
191382,99,14512648
136975,99,14792649
107953,99,22750494
143397,99,29683700
162789,99,24599794
173758,93,7396141
159323,99,16322833
81048,99,14432374
28791,99,16773735
124357,99,13081422
100323,99,13064453
25705,99,17023220
84963,99,13351217
119506,93,7577076
110850,98,11929616
90691,99,13039385
81443,96,10456690
73583,99,13461852
119284,99,13319195
37953,99,21340985
105547,92,6612111
49983,99,13305261
100790,94,8403474
-1,-1
-1,-1
-1,-1
-1,-1
-1,-1
-1,-1
32750,992
14460,238
17582,300
124324,115
69352,234
41046,76
71496,29
-1,-1
-1,-1
-1,-1
114893,192
49130,662
67260,380
63876,948
-1,-1
67290,594
28467,39
-1,-1
117969,20
98496,601
204991,24
-1,-1
-1,-1
169216,25
205105,22
151891,22
46167,110
169584,127
171470,223
171372,124
11989,60
9590,878
79519,476
37043,947
74649,209
94064,81
18346,540
207361,151
104037,2111
106818,71
71776,151
36679,23
72478,3
90800,84
-1,-1
-1,-1
136449,10
30879,215
39669,230
123206,25
-1,-1
119096,35
-1,-1
-1,-1
87740,171
126076,21
75480,254
41943,12
20049,104
-1,-1
-1,-1
103154,517
42181,103
-1,-1
-1,-1
93519,11
48777,70
-1,-1
-1,-1
298495,168
40207,663
38502,250
100905,1049
