17161,2376,571023414
97009,99,21233587
62972,99,20773142
32753,99,68959781
52876,99,63772745
52001,99,64829061
48513,99,13459512
103185,99,24882932
54950,99,18110312
44091,99,17204399
35011,99,14889117
71847,99,13722251
28176,99,18817846
61227,99,14363271
28874,99,14250755
69931,99,14131266
24214,99,14684548
45485,99,13494027
72598,99,14471316
22001,99,28744386
39896,99,25243223
51624,99,13233126
9786,99,30690470
59440,99,13230212
10649,99,13832129
-1,0
-1,0
-1,0
-1,0
-1,0
-1,0
-1,0
22085,1776
27045,294
15340,517
77529,248
33435,407
10374,226
41006,84
-1,466
-1,2260
-1,0
214841,204
116855,11080
6067,1069
4401,2283
33118,1834
21185,163
3030,3392
-1,1
43950,824
20488,82
-1,0
211674,23
38646,1600
202014,56
-1,0
-1,1
229635,25
113210,170
106256,68
62691,116
136474,242
148145,336
137190,237
36427,60
8943,371
25955,907
94812,505
38149,1204
28627,694
134041,83
23152,546
212107,182
133897,2117
27616,634
20095,599
89411,210
30054,10
119293,97
-1,1
-1,0
179329,10
47083,322
66170,285
166175,25
58322,266
21534,242
94235,46
-1,0
-1,1
136249,185
181936,21
107149,313
29256,216
20208,630
251267,55
18364,508
-1,0
-1,0
18454,2436
44997,120
108857,49
-1,0
44258,22
7144,2497
-1,1
-1,0
285649,296
28368,729
-1,1
41264,360
107442,1192
