50075,2275,367506608
184024,99,14911806
136134,99,14981393
109020,99,23343870
141332,99,30757218
155448,99,26191837
163662,97,11095456
159651,99,16740425
84281,99,14443599
30641,99,16776080
124570,99,13091013
92270,99,13095783
26683,99,17024024
47615,99,14187189
92151,99,13045271
48547,99,13905435
91365,99,13046081
78007,99,13035137
76547,99,13475675
116758,99,13515875
39787,99,21452064
73195,99,13037001
53779,99,13317299
97376,99,13037077
-1,-1
-1,-1
-1,-1
-1,-1
-1,-1
-1,-1
33445,1017
15899,239
18106,307
122927,121
71951,235
38546,82
68198,33
-1,-1
-1,-1
-1,-1
114184,204
55802,1929
69232,380
56434,1097
-1,-1
41950,763
29997,39
-1,-1
132666,20
102844,601
213284,24
-1,-1
-1,-1
176972,25
215247,22
155945,22
48585,110
175551,127
177889,223
177044,124
12439,60
11479,878
83120,476
39055,947
78688,209
98093,82
19065,540
211651,151
108384,2111
111639,71
74826,151
50866,45
74420,3
92107,97
-1,-1
-1,-1
140484,10
36814,215
41797,230
129124,25
175490,21
123529,35
-1,-1
-1,-1
94582,171
134068,21
75902,283
48837,12
23301,104
-1,-1
-1,-1
107129,517
39118,112
-1,-1
-1,-1
96758,11
43669,156
-1,-1
-1,-1
261062,234
41943,663
38423,269
103015,1049
