31904,2277,492901053
99876,99,20320280
67073,99,19657819
44479,99,51556404
68784,99,51454152
73358,99,48874507
46258,99,13416558
111634,99,22213316
60256,99,16817997
39890,99,16908070
108006,99,13205128
71216,99,13501898
26501,99,18411985
56548,99,14304361
25900,99,14199049
61697,99,14050055
65120,99,13264455
41296,99,13485747
74495,99,14073979
30654,99,24036038
43579,99,22941303
47490,99,13224144
9724,99,29902862
90916,99,13080946
-1,-1
-1,-1
-1,-1
-1,-1
-1,-1
-1,-1
27724,1380
20415,294
22389,340
110240,159
32890,383
21833,145
52046,59
-1,-1
-1,-1
-1,-1
177597,204
85726,11080
10397,862
6168,1823
30413,1834
82553,32
9803,1679
-1,-1
41535,823
15945,82
-1,-1
181644,23
34851,1600
189463,56
-1,-1
-1,-1
209984,25
124119,132
120135,52
56658,116
154781,190
163692,285
155436,186
20850,60
-1,-1
20859,879
89556,505
35281,1204
50142,392
120976,82
21570,546
220798,162
125896,2117
25296,634
17477,599
50176,210
41176,7
110173,97
-1,-1
-1,-1
165870,10
39630,322
54751,285
153068,25
50100,249
94981,44
-1,-1
-1,-1
120026,178
163519,21
92354,312
17211,215
20377,494
152218,55
37836,105
-1,-1
-1,-1
26042,1942
46075,114
93725,47
-1,-1
48311,20
14834,1611
-1,-1
-1,-1
271846,283
28105,716
-1,-1
46082,296
104204,1161
