75972,2192,257039292
245160,99,13256290
191985,99,13445242
273434,99,14011220
187640,99,24114366
178918,99,21040011
173323,90,5782698
215930,99,13963808
127287,99,13348129
55047,99,13705251
212999,97,10871074
133338,97,10693897
32527,99,15398665
94311,99,13163452
143912,90,5355645
153944,90,5746929
136382,91,5991505
97331,91,5920057
162518,92,6519461
157892,97,11122599
45869,99,18481216
126800,88,4404105
139528,90,5351051
111917,90,5352621
-1,-1
-1,-1
-1,-1
-1,-1
-1,-1
39464,802
11589,223
19078,235
138425,91
98926,177
56078,55
78605,21
-1,-1
-1,-1
-1,-1
110110,162
63768,365
56955,948
-1,-1
71160,541
27025,35
-1,-1
-1,-1
152646,227
238121,5
-1,-1
-1,-1
149495,25
228558,5
-1,-1
90108,60
195636,82
183018,187
194503,83
10584,60
41049,13
113109,277
105341,230
175916,50
80948,81
16550,537
261535,99
92869,2111
95562,71
65115,151
146042,1
88809,40
-1,-1
-1,-1
125044,10
64926,50
54409,135
108416,25
165854,26
-1,-1
93263,139
103342,21
56359,249
18250,11
-1,-1
-1,-1
-1,-1
153620,187
48740,77
-1,-1
-1,-1
107729,9
34165,19
-1,-1
-1,-1
274850,168
84023,608
46565,190
102237,971
