716313,1892,101647087
737788,91,6227552
683967,90,5783455
822572,97,11611130
634738,99,14795622
541634,99,14126972
669448,80,2008646
929261,93,7246596
1221502,75,1263767
1439972,71,898844
993846,77,1485240
691227,82,2463065
843608,85,3300973
652771,82,2423365
1100573,71,888336
1357445,71,872870
949713,71,858051
799011,75,1320744
970526,73,1039423
306266,96,10418102
442604,94,8572473
919840,64,421629
860524,73,1074206
682583,82,2546026
-1,1,0
-1,0
-1,0
-1,0
-1,0
-1,0
-1,0
-1,0
758559,58
969792,4
1175033,3
919188,7
684788,21
277710,18
277232,5
-1,0
-1,2500
200243,301
-1,0
-1,0
-1,211
48908,794
195933,284
-1,0
153244,233
-1,0
1110327,12
-1,0
-1,3
-1,0
-1,0
203023,373
376009,5
-1,0
-1,0
359974,10
252805,32
-1,0
-1,0
-1,0
486946,66
-1,0
354765,16
-1,0
-1,0
-1,0
419169,35
229370,88
281063,49
245999,48
580569,28
198365,1593
-1,0
-1,0
-1,0
-1,0
-1,0
-1,0
-1,0
-1,0
177138,58
238204,53
287585,6
-1,0
-1,0
218552,29
-1,0
-1,0
-1,0
281233,11
-1,3
-1,0
-1,0
-1,0
-1,0
-1,0
-1,0
298614,51
-1,1
-1,0
-1,0
242788,5
-1,0
-1,0
-1,0
186790,531
753653,152
-1,0
-1,0
413391,107
