589567,1846,85837197
595051,90,5855885
562848,90,5487499
652574,97,10755729
586486,98,12388842
658311,95,8935126
593016,77,1599906
791300,91,6423007
1010607,75,1262867
1171091,71,878634
825399,77,1480190
577999,82,2422465
707537,85,3258973
1249073,68,625440
994914,70,790341
1174285,70,759860
848355,70,760234
994516,71,822223
962077,66,515229
288132,94,8602083
331928,94,8450360
758812,62,348019
745263,71,899114
521563,82,2515171
-1,-1
-1,-1
-1,-1
-1,-1
-1,-1
-1,-1
619892,57
733006,4
999772,3
775607,7
575851,21
220213,17
217582,5
-1,-1
-1,-1
-1,-1
-1,-1
-1,-1
29710,794
-1,-1
-1,-1
-1,-1
-1,-1
893539,12
-1,-1
-1,-1
-1,-1
180816,264
312745,5
-1,-1
-1,-1
280950,10
-1,-1
-1,-1
-1,-1
-1,-1
382876,66
-1,-1
212306,16
-1,-1
-1,-1
333834,35
-1,-1
208871,49
189573,48
503785,28
191617,1400
-1,-1
-1,-1
-1,-1
-1,-1
-1,-1
-1,-1
-1,-1
-1,-1
-1,-1
153092,53
226489,6
-1,-1
176100,29
-1,-1
-1,-1
-1,-1
212652,11
-1,-1
-1,-1
-1,-1
-1,-1
-1,-1
-1,-1
239482,51
-1,-1
-1,-1
-1,-1
198538,5
-1,-1
-1,-1
-1,-1
150930,531
625447,152
-1,-1
-1,-1
