548067,1891,101647087
610334,91,6227552
570703,90,5783455
671084,97,11611130
524839,99,14795622
454848,99,14126972
545874,80,2008646
796125,93,7246596
1068696,75,1263767
1223884,71,898844
864660,77,1485240
598559,82,2463065
723278,85,3300973
542637,82,2423365
916420,71,888336
1126322,71,872870
785503,71,858051
664358,75,1320744
776088,73,1039423
249568,96,10418102
358958,94,8572473
760676,64,421629
708146,73,1074206
558506,82,2546026
-1,-1
-1,-1
-1,-1
-1,-1
-1,-1
-1,-1
656686,58
789331,4
1042325,3
811286,7
607761,21
233960,18
234727,5
-1,-1
-1,-1
182320,301
-1,-1
-1,-1
-1,-1
33076,794
165039,284
-1,-1
86628,233
-1,-1
948450,12
-1,-1
-1,-1
-1,-1
164898,373
331467,5
-1,-1
-1,-1
302566,10
225403,32
-1,-1
-1,-1
-1,-1
409343,66
-1,-1
240471,16
-1,-1
-1,-1
357498,35
175959,88
228539,49
205284,48
525302,28
177622,1593
-1,-1
-1,-1
-1,-1
-1,-1
-1,-1
-1,-1
-1,-1
-1,-1
132575,58
173077,53
244092,6
-1,-1
189202,29
-1,-1
-1,-1
-1,-1
231852,11
-1,-1
-1,-1
-1,-1
-1,-1
-1,-1
-1,-1
-1,-1
256653,51
-1,-1
-1,-1
-1,-1
211711,5
-1,-1
-1,-1
-1,-1
162510,531
665922,152
-1,-1
-1,-1
354418,107
