690224,1892,101647087
719882,91,6227552
668033,90,5783455
801404,97,11611130
618453,99,14795622
528999,99,14126972
651850,80,2008646
915115,93,7246596
1199345,75,1263767
1415483,71,898844
975796,77,1485240
676872,82,2463065
827032,85,3300973
636846,82,2423365
1072200,71,888336
1324643,71,872870
926546,71,858051
779518,75,1320744
944348,73,1039423
297031,96,10418102
429357,94,8572473
898456,64,421629
838293,73,1074206
665629,82,2546026
-1,1,0
-1,0
-1,0
-1,0
-1,0
-1,0
-1,0
-1,0
743446,58
944585,4
1156287,3
903770,7
673377,21
270898,18
271156,5
-1,0
-1,2500
198347,301
-1,0
-1,0
-1,211
46216,794
190147,284
-1,0
143554,233
-1,0
1087078,12
-1,0
-1,3
-1,0
-1,0
196811,373
369279,5
-1,0
-1,0
350893,10
248473,32
-1,0
-1,0
-1,0
475078,66
-1,0
340056,16
-1,0
-1,0
-1,0
399467,35
220962,88
272062,49
239794,48
572067,28
195238,1593
-1,0
-1,0
-1,0
-1,0
-1,0
-1,0
-1,0
-1,0
169583,58
222923,53
280469,6
-1,0
-1,0
214138,29
-1,0
-1,0
-1,0
274264,11
-1,3
-1,0
-1,0
-1,0
-1,0
-1,0
-1,0
291762,51
-1,1
-1,0
-1,0
238164,5
-1,0
-1,0
-1,0
182665,531
742694,152
-1,0
-1,0
404082,107
