597728,1891,101647087
664740,91,6227552
618047,90,5783455
735979,97,11611130
570012,99,14795622
490424,99,14126972
599412,80,2008646
855951,93,7246596
1134724,75,1263767
1315001,71,898844
921075,77,1485240
637229,82,2463065
780036,85,3300973
590094,82,2423365
990588,71,888336
1226218,71,872870
856569,71,858051
724556,75,1320744
866133,73,1039423
274139,96,10418102
393378,94,8572473
836068,64,421629
777918,73,1074206
611106,82,2546026
-1,-1
-1,-1
-1,-1
-1,-1
-1,-1
-1,-1
700783,58
873117,4
1102659,3
858039,7
642532,21
254435,18
255185,5
-1,-1
-1,-1
192410,301
-1,-1
-1,-1
-1,-1
40131,794
177431,284
-1,-1
118709,233
-1,-1
1024900,12
-1,-1
-1,-1
-1,-1
181255,373
348170,5
-1,-1
-1,-1
326602,10
237379,32
-1,-1
-1,-1
-1,-1
445082,66
-1,-1
297939,16
-1,-1
-1,-1
-1,-1
378930,35
198101,88
249615,49
223593,48
548733,28
186935,1593
-1,-1
-1,-1
-1,-1
-1,-1
-1,-1
-1,-1
-1,-1
-1,-1
151865,58
194447,53
261827,6
-1,-1
202825,29
-1,-1
-1,-1
-1,-1
254321,11
-1,-1
-1,-1
-1,-1
-1,-1
-1,-1
-1,-1
-1,-1
274963,51
-1,-1
-1,-1
-1,-1
225572,5
-1,-1
-1,-1
-1,-1
172936,531
709195,152
-1,-1
-1,-1
378871,107
