552353,1891,101647087
615318,91,6227552
575441,90,5783455
676279,97,11611130
529350,99,14795622
458802,99,14126972
550910,80,2008646
803058,93,7246596
1074641,75,1263767
1231644,71,898844
868740,77,1485240
602227,82,2463065
727870,85,3300973
547137,82,2423365
922722,71,888336
1135806,71,872870
793240,71,858051
669901,75,1320744
783412,73,1039423
252108,96,10418102
361748,94,8572473
767491,64,421629
714055,73,1074206
563337,82,2546026
-1,-1
-1,-1
-1,-1
-1,-1
-1,-1
-1,-1
659813,58
793936,4
1046109,3
814448,7
610620,21
235496,18
236219,5
-1,-1
-1,-1
184918,301
-1,-1
-1,-1
-1,-1
33641,794
166109,284
-1,-1
90029,233
-1,-1
953804,12
-1,-1
-1,-1
-1,-1
166072,373
332666,5
-1,-1
-1,-1
304454,10
226507,32
-1,-1
-1,-1
-1,-1
411825,66
-1,-1
242977,16
-1,-1
-1,-1
359582,35
177203,88
230347,49
206632,48
527305,28
178555,1593
-1,-1
-1,-1
-1,-1
-1,-1
-1,-1
-1,-1
-1,-1
-1,-1
134225,58
174895,53
245449,6
-1,-1
190645,29
-1,-1
-1,-1
-1,-1
233344,11
-1,-1
-1,-1
-1,-1
-1,-1
-1,-1
-1,-1
-1,-1
258329,51
-1,-1
-1,-1
-1,-1
212963,5
-1,-1
-1,-1
-1,-1
163539,531
670134,152
-1,-1
-1,-1
356693,107
