465995,1846,85837197
492668,90,5855885
466120,90,5487499
537964,97,10755729
480185,98,12388842
544335,95,8935126
459455,77,1599906
642953,91,6423007
854259,75,1262867
971959,71,878634
704981,77,1480190
485381,82,2422465
583591,85,3258973
1045815,68,625440
801979,70,790341
929755,70,759860
678726,70,760234
801160,71,822223
765261,66,515229
225443,94,8602083
252883,94,8450360
601309,62,348019
578277,71,899114
409254,82,2515171
-1,-1
-1,-1
-1,-1
-1,-1
-1,-1
516360,57
580684,4
886912,3
678204,7
493853,21
176205,17
171122,5
-1,-1
-1,-1
-1,-1
-1,-1
23832,794
-1,-1
-1,-1
-1,-1
-1,-1
-1,-1
-1,-1
143896,264
-1,-1
-1,-1
-1,-1
-1,-1
-1,-1
-1,-1
-1,-1
-1,-1
319543,66
-1,-1
-1,-1
-1,-1
-1,-1
-1,-1
-1,-1
159513,49
-1,-1
-1,-1
155555,1400
-1,-1
-1,-1
-1,-1
-1,-1
-1,-1
-1,-1
-1,-1
-1,-1
115510,53
-1,-1
139641,29
-1,-1
-1,-1
-1,-1
-1,-1
-1,-1
-1,-1
-1,-1
-1,-1
195074,51
-1,-1
-1,-1
-1,-1
161419,5
-1,-1
-1,-1
-1,-1
129024,531
513746,152
-1,-1
-1,-1
