519302,1846,85837197
536952,90,5855885
507178,90,5487499
587144,97,10755729
526411,98,12388842
594983,95,8935126
518901,77,1599906
708536,91,6423007
924177,75,1262867
1061564,71,878634
758883,77,1480190
527607,82,2422465
638120,85,3258973
1138294,68,625440
887168,70,790341
1039262,70,759860
752460,70,760234
880404,71,822223
845526,66,515229
249991,94,8602083
288689,94,8450360
670891,62,348019
636130,71,899114
455744,82,2515171
-1,-1
-1,-1
-1,-1
-1,-1
-1,-1
-1,-1
558471,57
642207,4
930821,3
718437,7
525558,21
194100,17
189627,5
-1,-1
-1,-1
-1,-1
-1,-1
26061,794
-1,-1
-1,-1
804441,12
-1,-1
-1,-1
-1,-1
159603,264
277397,5
-1,-1
-1,-1
243183,10
-1,-1
-1,-1
-1,-1
-1,-1
344536,66
-1,-1
166380,16
-1,-1
-1,-1
298037,35
-1,-1
181611,49
165809,48
468833,28
171473,1400
-1,-1
-1,-1
-1,-1
-1,-1
-1,-1
-1,-1
-1,-1
-1,-1
131899,53
193359,6
-1,-1
154247,29
-1,-1
-1,-1
178820,11
-1,-1
-1,-1
-1,-1
-1,-1
-1,-1
213837,51
-1,-1
-1,-1
-1,-1
176766,5
-1,-1
-1,-1
-1,-1
139122,531
562653,152
-1,-1
-1,-1
