539915,1883,94813236
599682,91,6035919
559336,90,5669533
661075,97,11088159
555346,99,13505959
586361,97,11369061
608724,78,1634772
786914,92,6892180
1038284,75,1262867
1186601,71,898634
845402,77,1480190
580278,82,2462465
726847,85,3260973
520933,82,2422510
891988,71,881101
1132431,71,822660
756767,71,855294
754001,74,1118467
774436,72,986423
262136,95,9608760
342855,94,8572443
734059,64,415349
693515,73,1034206
536901,82,2535311
-1,-1
-1,-1
-1,-1
-1,-1
-1,-1
-1,-1
636543,58
760491,4
1019786,3
791878,7
590209,21
225145,18
224996,5
-1,-1
-1,-1
-1,-1
-1,-1
-1,-1
-1,-1
31051,794
201417,67
-1,-1
67281,233
-1,-1
918194,12
-1,-1
-1,-1
-1,-1
186464,264
321945,5
-1,-1
-1,-1
290897,10
-1,-1
-1,-1
-1,-1
-1,-1
394075,66
-1,-1
225414,16
-1,-1
-1,-1
344681,35
-1,-1
217871,49
196283,48
513748,28
196947,1400
-1,-1
-1,-1
-1,-1
-1,-1
-1,-1
-1,-1
-1,-1
-1,-1
-1,-1
161287,53
234476,6
-1,-1
181911,29
-1,-1
-1,-1
-1,-1
221712,11
-1,-1
-1,-1
-1,-1
-1,-1
-1,-1
-1,-1
246975,51
-1,-1
-1,-1
-1,-1
204373,5
-1,-1
-1,-1
-1,-1
156044,531
644777,152
-1,-1
-1,-1
