8669,2277,755870657
2174,99,83344332
15729,99,29357089
16057,99,81942215
7719,99,117685226
8566,99,119388204
28666,99,13569943
20880,99,39839707
19131,99,28095114
101267,99,13440031
47171,99,13788566
46781,99,14380973
52505,99,14830790
29411,99,14938899
106812,99,13043909
60291,99,13893025
2599,99,26156417
56921,99,13213194
108387,99,13294518
23107,99,25110647
49216,99,21014789
39351,99,13285896
21096,99,18708143
12058,99,13549030
-1,-1
-1,-1
-1,-1
-1,-1
-1,-1
173888,3
19788,1553
589610,6
21163,317
42982,341
11935,538
4590,266
31812,85
-1,-1
-1,-1
160633,366
163236,194
31312,35388
10913,785
48122,600
39268,1534
-1,-1
20363,900
70012,80
73806,604
12781,89
28223,652
4128,1410
89903,783
2743,2065
14144,215
56324,100
75251,74
87307,206
3218,1930
184018,40
65336,453
109712,387
67548,441
155846,25
87431,77
56104,715
44310,953
109745,164
213147,51
178265,55
246266,134
16053,5049
19879,718
119659,104
203306,22
12865,14
18907,1344
54151,45
4970,553
99379,15
9425,682
156289,58
151851,25
289404,15
140012,35
10676,14
34683,254
392153,52
195240,15
30269,634
13409,186
29395,161
86442,39
49284,33
3102,1431
9042,148
172650,270
61207,90
20994,282
14244,4
133755,9
27259,832
31442,386
73597,84
140614,600
152112,580
58820,218
20170,3493
