33591,2370,827726431
2640,99,86596581
17713,99,30493857
16554,99,97528273
8263,99,130742740
8608,99,134950777
25779,99,13809668
25725,99,43362618
21256,99,29450548
71734,99,14595535
49702,99,14186613
44797,99,15106265
59998,99,14922807
25688,99,15347944
78146,99,13177429
51735,99,14861611
2914,99,27832632
66590,99,13229329
78828,99,14267877
23855,99,27657306
56329,99,21510099
36609,99,13744144
23400,99,19506233
16223,99,13630507
66352,93,7215038
-1,0
-1,0
-1,0
-1,0
-1,0
-1,0
172262,3
24746,1651
708336,6
26401,330
51473,341
13695,577
4994,304
35752,93
-1,488
-1,2500
178053,366
216958,203
50406,35388
15690,863
65821,600
44546,1534
-1,3
39656,980
87510,80
81514,606
18590,89
29561,801
3448,1901
106358,783
2953,2069
16506,227
62741,100
86728,74
97945,206
4529,1930
209669,40
71584,453
123358,387
73827,441
193383,25
32411,18
128009,79
54575,775
44356,1050
137195,164
251913,51
198686,60
258144,139
14859,5394
22872,718
82580,200
262123,42
13619,16
18039,1535
52846,52
6409,565
114317,15
12839,682
193196,58
169280,25
265734,46
-1,0
158589,35
14429,16
44269,254
299292,100
228988,15
35630,649
28484,208
40291,165
218084,69
50745,71
2590,1698
8976,197
194107,270
57738,103
19388,355
15767,5
148864,9
40112,832
34065,386
88330,84
145434,650
176026,580
32391,387
70578,218
21755,3495
