8758,2277,799523300
2347,99,86149772
16241,99,30266414
15721,99,93053766
7755,99,126764337
8234,99,129366847
23353,99,13789638
23605,99,42178969
20056,99,28958618
77386,99,14032833
45492,99,14024347
46004,99,14681887
55765,99,14899458
24107,99,15287595
111834,99,13051473
58669,99,14217956
2717,99,27359673
61549,99,13227722
112682,99,13373834
21533,99,27283831
51675,99,21451569
38477,99,13534655
23826,99,19012299
13650,99,13555807
-1,-1
-1,-1
-1,-1
-1,-1
-1,-1
172887,3
21438,1628
646593,6
23523,330
46572,341
12259,568
4563,292
33004,91
-1,-1
-1,-1
174150,366
185932,203
42303,35388
13010,829
56960,600
41776,1534
-1,-1
29624,980
79142,80
78783,605
14689,89
26846,801
2873,1901
98153,783
2819,2068
15409,220
59481,100
80803,74
93654,206
3812,1930
196821,40
68484,453
116323,387
70737,441
171516,25
-1,-1
108282,79
58670,715
42091,1050
120677,164
231497,51
192032,55
255140,134
13992,5394
21464,718
75901,200
199731,41
12228,16
17813,1489
51692,52
6293,565
107650,15
11292,682
176128,58
160376,25
229038,46
150266,35
12952,16
40040,254
444377,52
210636,15
32495,647
20045,206
35703,165
149730,69
58883,35
2949,1543
8190,197
183625,270
66190,90
18511,346
15851,4
141621,9
35105,832
33050,386
80144,84
138160,650
163675,580
23488,381
64567,218
21147,3495
