50519,2264,645856444
2181,99,72941089
16698,99,26935714
16940,99,62529580
8342,99,98147018
10094,99,98652165
51261,99,13212874
19874,99,34593704
25196,99,21626184
173049,98,12543349
228384,98,12511456
106251,99,13048272
50176,99,14559348
38809,99,14399674
101934,98,11860214
120838,96,10131269
2023,99,24592301
47956,99,13153147
165198,93,7809653
27102,99,20705806
46518,99,19608749
78638,98,12051322
19523,99,16853915
13611,99,13389641
-1,-1
-1,-1
-1,-1
-1,-1
-1,-1
176940,3
17507,1414
488465,6
16391,316
37934,340
11701,479
5801,206
31956,67
-1,-1
-1,-1
137468,366
137072,171
-1,-1
40363,600
33007,1534
58290,44
64694,604
69387,17
16709,652
67597,72
75841,783
3329,1822
12757,168
49296,100
63353,74
71921,206
2720,1927
157587,40
60334,438
99299,377
62565,427
149430,25
59896,62
48495,715
52997,650
91409,164
178345,51
164344,50
233377,128
27943,3924
17753,670
98105,104
55440,5
15216,10
17678,1154
49485,43
4511,485
85019,15
20515,300
126072,58
130569,25
170584,10
118442,35
-1,-1
44735,80
313142,52
158604,15
22744,632
18061,157
37853,13
4142,1118
8847,86
150007,270
51125,89
18150,233
12886,3
117015,9
15907,832
26832,386
55530,84
125501,600
141032,572
44670,218
20776,3326
