8789,2277,738259810
2161,99,82888289
15555,99,29177601
18464,99,73895803
8019,99,113863125
8642,99,117100990
33495,99,13481720
20939,99,38947638
18994,99,27812134
106904,99,13346551
47459,99,13757034
47810,99,14249311
51331,99,14830087
29318,99,14912401
104467,99,13043439
60652,99,13816998
2496,99,25950609
58726,99,13173030
110625,99,13252391
23613,99,24496438
48266,99,20939667
43039,99,13195353
20579,99,18586581
11767,99,13542620
-1,-1
-1,-1
-1,-1
-1,-1
-1,-1
174224,3
19476,1529
576562,6
20392,317
42090,341
11560,534
5111,249
31887,82
-1,-1
-1,-1
156839,366
155325,194
27677,35388
46874,600
38597,1534
-1,-1
24038,712
66997,80
72697,604
82795,17
26848,652
37265,291
87854,783
2673,2064
13764,212
55402,100
73551,74
85165,206
3198,1930
180323,40
66771,438
111272,377
69002,427
155041,25
82813,77
55121,715
43157,953
107278,164
208192,51
174781,55
244854,133
16922,4945
19424,718
116340,104
184139,22
13602,13
18573,1329
53259,45
4810,553
96915,15
9955,645
150732,58
149150,25
301989,10
137276,35
9600,14
32943,254
381726,52
190911,15
29135,634
10839,185
27724,161
46617,33
3688,1300
9244,132
169567,270
59901,90
20769,274
13727,4
131601,9
25312,832
30902,386
71564,84
137773,600
149574,580
57078,218
19875,3493
