8828,2277,741909562
2190,99,82962653
15636,99,29230291
18145,99,75382397
7993,99,114642180
8656,99,117686970
29361,99,13546840
21002,99,39182005
18939,99,27982654
107796,99,13348451
47743,99,13757034
47606,99,14277991
51649,99,14830290
29626,99,14912939
105370,99,13043439
61152,99,13818759
2544,99,25953318
59330,99,13173083
111425,99,13252391
23738,99,24604322
48494,99,20985223
43332,99,13196001
20752,99,18596181
11862,99,13544150
-1,-1
-1,-1
-1,-1
-1,-1
-1,-1
174088,3
19614,1536
580878,6
20636,317
42373,341
11631,536
4984,253
31950,83
-1,-1
-1,-1
158417,366
158054,194
28872,35388
9436,776
47267,600
38835,1534
-1,-1
25556,712
67977,80
72992,604
17886,68
27333,652
37907,291
88541,783
2693,2064
13974,212
55725,100
74051,74
85778,206
3261,1930
181479,40
67084,438
111829,377
69291,427
155355,25
84215,77
55509,715
43567,953
108110,164
209811,51
175850,55
245736,133
17080,4945
19584,718
117384,104
189613,22
13745,13
18762,1329
53479,45
4854,553
97562,15
10132,645
152454,58
149969,25
308101,10
138190,35
9917,14
33436,254
385104,52
192351,15
29469,634
11589,185
28210,161
47417,33
3554,1330
8705,148
170596,270
60336,90
20803,277
13912,4
132301,9
25866,832
31102,386
72198,84
138735,600
150332,580
57669,218
19959,3493
