8995,2277,688437915
2139,99,78132779
16809,99,27708932
18081,99,65944921
8382,99,104404672
9969,99,104922784
50224,99,13285335
20115,99,37096115
21135,99,24626582
119641,99,13163154
113241,99,13122764
52661,99,13771803
51428,99,14629485
33256,99,14686419
102407,99,13035607
87154,99,13147300
2245,99,24879716
52142,99,13159073
108538,99,13179794
27657,99,21378563
48563,99,20064357
66972,99,13043694
20860,99,17569070
11716,99,13484996
-1,-1
-1,-1
-1,-1
-1,-1
-1,-1
175802,3
18070,1477
529881,6
18130,317
39947,341
11517,503
4945,230
28995,80
-1,-1
-1,-1
146141,366
131147,194
30189,23608
42544,600
36065,1534
57239,80
68581,604
74914,17
21583,652
30559,291
81674,783
2809,1978
12817,200
52466,100
68519,74
79157,206
2976,1930
168735,40
63510,438
105331,377
65683,427
152031,25
69449,77
51932,715
57473,650
99635,164
192043,51
175796,50
241635,128
23935,4265
17967,710
105792,104
138640,13
12886,12
18975,1200
51792,43
4617,525
89990,15
27618,300
135717,58
140241,25
238468,10
127038,35
-1,-1
27377,254
345753,52
175111,15
26072,632
23354,157
47004,13
3800,1215
8405,122
159426,270
55675,90
21394,243
14142,3
123840,9
20545,832
28875,386
64484,84
129822,600
150070,572
50734,218
20217,3390
