9087,2277,814377021
2472,99,86345258
17008,99,30379848
16503,99,95154435
8085,99,129459292
8205,99,134249442
24416,99,13809663
24302,99,43030204
20462,99,29432398
71910,99,14423644
45478,99,14177298
46662,99,14786954
57991,99,14921784
24863,99,15343274
88714,99,13115136
54716,99,14521393
2772,99,27785464
64617,99,13229281
75013,99,14267787
22810,99,27634006
54643,99,21500908
34637,99,13744144
22672,99,19505599
15193,99,13559809
-1,-1
-1,-1
-1,-1
-1,-1
-1,-1
-1,-1
172326,3
23272,1648
687541,6
25533,330
49212,341
13011,577
4875,301
34795,93
-1,-1
-1,-1
176014,366
202400,203
47396,35388
14452,841
63156,600
43507,1534
-1,-1
36445,980
84360,80
80405,606
15886,89
27171,801
3074,1901
103596,783
2892,2069
15924,227
61544,100
84688,74
96436,206
3784,1930
205080,40
70606,453
121145,387
72877,441
187165,25
27756,18
121770,79
53700,775
43594,1050
131989,164
244538,51
194709,60
254945,139
14576,5394
22408,718
80482,200
243898,42
13149,16
17686,1535
52455,52
6107,565
112076,15
12329,682
187735,58
166171,25
251173,46
-1,-1
155945,35
13966,16
42744,254
485865,53
223675,15
34398,649
25054,208
38796,165
198954,69
55069,54
2878,1603
8694,197
190570,270
56862,103
19277,348
15485,5
146449,9
38391,832
33562,386
84631,84
142674,650
170704,580
28749,387
68477,218
21467,3495
