409195,2049,190242371
214333,99,15741899
595753,92,6990030
371060,99,15441696
257442,99,28233624
149541,99,35684372
486886,83,2918377
608678,97,11443647
742546,87,4191273
523519,87,4067117
390321,92,7162558
290929,92,6780100
466813,95,9221974
430901,88,4493809
502665,83,2925974
683192,81,2380741
391627,86,3783422
473391,81,2193945
502964,82,2617805
174350,99,13872025
689707,86,3611358
422813,79,1803367
600184,79,1912892
543721,83,2770366
-1,1,0
-1,-1
-1,-1
-1,-1
-1,-1
-1,-1
-1,-1
-1,-1
53874,1067
21879,391
96725,105
83386,238
75481,285
177809,32
160761,16
-1,-1
-1,-1
-1,-1
308966,163
-1,-1
100867,537
246765,71
166483,397
-1,-1
175656,121
-1,-1
85818,600
-1,0
354463,5
-1,-1
-1,-1
299114,142
172606,88
-1,-1
44254,151
288711,23
315593,11
-1,-1
23959,262
366567,35
168210,307
-1,-1
193653,25
-1,-1
12232,1442
315265,77
123626,344
38758,587
483106,24
149410,116
22022,1273
157555,1913
-1,-1
-1,-1
293187,44
213899,1
135577,73
-1,-1
-1,-1
47309,33
133472,101
114727,155
210513,21
80187,200
-1,-1
229303,28
-1,-1
-1,-1
32297,480
270185,12
323098,6
-1,-1
-1,-1
352230,23
-1,-1
-1,-1
-1,-1
165943,391
-1,-1
-1,-1
-1,-1
248115,5
172964,7
-1,-1
87548,92
75141,1125
375278,400
-1,-1
24263,559
564615,5
