317440,2048,190242371
197115,99,15741899
539026,92,6990030
327697,99,15441696
227654,99,28233624
131174,99,35684372
437844,83,2918377
552377,97,11443647
691664,87,4191273
460685,87,4067117
361123,92,7162558
266640,92,6780100
428492,95,9221974
389945,88,4493809
451697,83,2925974
605280,81,2380741
354490,86,3783422
428550,81,2193945
455525,82,2617805
155564,99,13872025
622891,86,3611358
382061,79,1803367
546554,79,1912892
475580,83,2770366
-1,-1
-1,-1
-1,-1
-1,-1
-1,-1
-1,-1
45527,1067
16772,391
83384,105
75263,238
67541,285
161461,32
147071,16
-1,-1
-1,-1
-1,-1
262314,163
-1,-1
73348,537
215644,71
152279,397
-1,-1
139621,121
-1,-1
81331,600
327031,5
-1,-1
-1,-1
269629,142
161410,88
-1,-1
40707,151
260901,23
297788,11
-1,-1
21112,262
343059,35
156286,307
-1,-1
168933,25
-1,-1
9309,1442
298931,77
115739,344
31978,587
436061,24
137109,116
20270,1273
148956,1913
-1,-1
-1,-1
217429,44
195297,1
124234,73
-1,-1
-1,-1
42725,33
114986,101
93367,155
191391,21
70102,200
214197,28
-1,-1
-1,-1
27593,480
244740,12
280906,6
-1,-1
-1,-1
256411,23
-1,-1
-1,-1
-1,-1
154210,391
-1,-1
-1,-1
-1,-1
232408,5
145016,7
-1,-1
78045,92
70235,1125
351714,400
-1,-1
21075,559
516979,5
