260267,2047,187500137
183983,99,15235714
465253,92,6903756
261700,99,15421611
190060,99,27596146
108434,99,34812756
366146,83,2914399
475499,97,11164295
611376,87,4185318
386201,87,4049657
316332,92,7126781
229611,92,6776160
361499,95,9219304
328032,88,4468084
377930,83,2900249
494441,81,2375509
297797,86,3764590
357555,80,2164046
381450,82,2607714
125853,99,13725347
527542,86,3602969
313024,79,1803367
459069,79,1912784
388431,83,2769581
-1,-1
-1,-1
-1,-1
-1,-1
-1,-1
-1,-1
34045,1064
10701,390
64001,104
63246,238
55159,284
134048,32
123005,16
-1,-1
-1,-1
-1,-1
180985,163
-1,-1
168406,71
131821,397
-1,-1
59880,121
-1,-1
73831,590
283380,5
-1,-1
-1,-1
226506,142
182670,50
-1,-1
35776,151
219156,23
264466,11
-1,-1
16767,262
-1,-1
164715,256
-1,-1
140260,25
5317,1441
274093,77
100379,344
25295,587
370659,24
117822,116
18735,1229
132533,1913
-1,-1
-1,-1
85702,44
168482,1
110124,68
-1,-1
-1,-1
34674,33
82631,101
65053,155
162487,21
44157,200
186913,28
-1,-1
-1,-1
20854,480
205353,12
-1,-1
-1,-1
-1,-1
-1,-1
-1,-1
-1,-1
135542,391
-1,-1
-1,-1
-1,-1
206973,5
96276,7
-1,-1
64545,92
61118,1125
301565,400
16024,559
443646,5
