244809,2042,177763932
243360,99,13638038
482289,91,6030250
244586,99,15272771
199499,99,25640250
110542,99,32380045
344544,83,2818352
471546,96,10335515
581352,87,4160963
366366,87,3987120
299609,92,7113281
223091,92,6586136
341613,95,9215405
305123,88,4444448
350718,83,2885159
472715,81,2201818
296417,85,3537728
327761,80,2163876
357779,82,2522831
136856,99,13124192
499620,85,3494912
311297,78,1639713
428700,79,1861360
408366,83,2709769
-1,-1
-1,-1
-1,-1
-1,-1
-1,-1
-1,-1
36160,957
9725,363
69615,86
77946,189
51766,279
143504,27
126861,13
-1,-1
-1,-1
-1,-1
157707,163
-1,-1
-1,-1
122228,397
-1,-1
69878,589
267573,5
-1,-1
-1,-1
210150,142
184733,40
-1,-1
53214,94
200069,23
-1,-1
-1,-1
14876,262
-1,-1
154853,256
-1,-1
137418,25
5170,1285
261938,77
93576,344
22935,587
363034,22
109832,116
34205,783
123663,1913
-1,-1
-1,-1
44778,43
160040,1
-1,-1
-1,-1
-1,-1
141304,10
72115,93
58377,155
147509,21
36600,190
189585,26
-1,-1
-1,-1
19605,462
-1,-1
-1,-1
-1,-1
-1,-1
-1,-1
-1,-1
149174,293
-1,-1
-1,-1
-1,-1
196360,5
-1,-1
-1,-1
103515,32
69180,1024
285176,400
14116,550
418078,5
