106773,2278,316502133
117221,99,19583980
179038,99,15049484
255315,99,18350948
246759,99,27790518
319992,99,19659810
31230,99,13663008
256046,99,16354143
273569,99,13116748
17593,99,26839735
165415,99,13095491
62614,99,13991936
80719,99,14193618
199595,99,13063264
155784,96,9904213
136226,99,13126819
159330,97,11425976
189507,90,5545480
279858,91,6290636
252062,97,11595897
186411,99,14088705
208856,87,4327488
164997,95,8834994
171453,92,6525987
316935,48,83255
-1,0
-1,0
-1,0
-1,0
-1,0
-1,0
-1,0
59178,946
17721,407
64790,144
175862,106
140316,184
79745,65
81625,40
193876,629
-1,2500
-1,0
386903,109
-1,0
47707,646
128616,300
180364,295
178015,21
135303,209
103006,50
515379,106
180985,9
267883,13
203999,23
126837,651
120651,162
-1,0
117822,44
68187,95
213167,48
162882,28
116936,69
101092,329
169768,294
99474,332
40635,53
-1,0
118308,96
287641,91
73017,630
16906,955
138487,80
138097,121
91009,418
115616,2305
-1,1
51624,302
206377,64
84082,4
-1,0
104267,10
-1,0
229071,7
169469,50
56073,334
90096,57
300641,35
-1,0
228187,27
-1,0
153776,13
312825,95
179157,21
-1,3
68025,98
-1,4
153741,129
-1,1
95983,12
-1,0
66220,1088
53869,107
155603,14
-1,0
139178,10
102875,86
201898,18
40016,228
164413,574
234691,543
74142,107
106007,138
351198,162
