106081,2278,316502133
117000,99,19583980
178658,99,15049484
254731,99,18350948
246250,99,27790518
319598,99,19659810
31142,99,13663008
255305,99,16354143
273088,99,13116748
17530,99,26839735
164969,99,13095491
62450,99,13991936
80604,99,14193618
199293,99,13063264
155471,96,9904213
135800,99,13126819
159038,97,11425976
189069,90,5545480
279382,91,6290636
251658,97,11595897
186051,99,14088705
208499,87,4327488
164614,95,8834994
171060,92,6525987
310599,48,83255
-1,0
-1,0
-1,0
-1,0
-1,0
-1,0
-1,0
59042,946
17666,407
64675,144
175552,106
140115,184
79594,65
81497,40
193632,629
-1,2500
-1,0
385594,109
-1,0
47471,646
128329,300
180114,295
177101,21
134837,209
102794,50
514883,106
180562,9
267410,13
203522,23
126637,651
120521,162
-1,0
117683,44
68069,95
212940,48
162705,28
116736,69
100989,329
169728,294
99403,332
40426,53
-1,0
117961,96
287451,91
72954,630
16862,955
138265,80
137942,121
90937,418
115508,2305
-1,1
51528,302
205835,64
83991,4
-1,0
104179,10
-1,0
228817,7
169139,50
56004,334
90011,57
300014,35
-1,0
227937,27
-1,0
153452,13
312095,95
178917,21
-1,3
67494,98
-1,4
152862,129
-1,1
95776,12
-1,0
66153,1088
53812,107
155213,14
-1,0
139099,10
102592,86
201705,18
39893,228
164227,574
234326,543
73730,107
105825,138
350765,162
