92239,2216,292301992
132254,99,17501352
158271,99,14793629
217411,99,17298334
231550,99,25377211
320986,99,17044707
24799,99,13627393
230645,99,15367795
241198,99,13103540
20153,99,21654389
150178,99,13070042
58551,99,13689986
67538,99,14192244
181202,99,13041168
151652,92,6734647
103373,99,13116771
129005,97,11420892
163739,89,5216678
230002,91,6273578
234210,96,10337654
163899,99,13848076
181360,86,3968604
154135,92,7151798
173376,88,4471504
-1,-1
-1,-1
-1,-1
-1,-1
-1,-1
-1,-1
63401,742
16026,293
58642,119
173429,88
154725,150
76712,55
70408,37
164028,629
-1,-1
-1,-1
277308,107
-1,-1
181788,61
207354,14
-1,-1
66018,209
79017,50
452313,106
148584,9
227539,13
153298,23
114081,592
111055,159
-1,-1
104193,44
57369,95
187783,48
148678,28
99296,69
127546,224
223221,186
125792,227
17060,53
75331,96
262589,91
65874,600
18637,744
124764,75
117919,121
82535,417
121230,2075
-1,-1
69562,188
82862,64
82859,3
-1,-1
92845,10
-1,-1
195323,7
126041,50
36423,334
78738,57
192729,35
198339,27
-1,-1
116746,13
230487,95
150846,21
-1,-1
29543,77
-1,-1
-1,-1
77158,12
-1,-1
76458,848
47799,105
115748,12
-1,-1
134615,9
66623,86
180327,18
32086,228
144732,566
201022,543
87439,138
320156,134
