84614,2212,277594363
141187,99,16526598
150755,99,14638922
226034,99,15961296
226686,99,24271309
320148,99,16154540
21949,99,13609894
211044,99,15214860
224894,99,13100170
29040,99,17250710
170799,99,13045596
57110,99,13591339
73705,99,13864415
173302,99,13035653
137564,92,6716767
91320,99,13103200
121713,96,10043537
153179,89,4862813
213900,91,6142175
231939,95,9572158
195364,99,13297052
172017,86,3805555
177728,90,5367066
156881,88,4418738
-1,-1
-1,-1
-1,-1
-1,-1
-1,-1
-1,-1
68271,656
14939,260
60496,103
176894,80
162954,135
90210,44
67345,34
143793,629
-1,-1
-1,-1
238911,105
-1,-1
166822,61
-1,-1
66159,50
428157,106
135466,9
205587,13
128368,23
105461,592
105416,157
-1,-1
99932,42
52920,95
175012,48
143035,28
91469,69
120302,224
209265,186
119025,227
15896,53
61870,96
250191,91
61054,600
16857,744
114125,75
109778,121
78536,417
112863,2075
-1,-1
61753,188
48804,54
77382,3
-1,-1
88293,9
-1,-1
181187,7
106099,50
29637,334
73215,57
170709,26
182734,27
-1,-1
97860,13
214378,91
137693,21
-1,-1
-1,-1
-1,-1
69969,12
-1,-1
70943,848
44659,104
103317,11
-1,-1
139462,8
54666,86
169531,18
28114,228
151150,509
191010,540
84660,124
301070,134
