97920,2300,317678712
124914,99,19583980
194039,99,15049484
284022,99,18351304
272334,99,27790636
345557,99,19659810
35195,99,13663008
279925,99,16458262
291644,99,13116748
19789,99,26839735
175809,99,13095491
67180,99,13991936
85483,99,14193618
213681,99,13063264
165846,96,10209588
142991,99,13160899
173536,97,11425976
203893,90,5545480
295977,91,6290636
274815,97,11595897
205706,99,14088705
224291,87,4327488
178126,95,8834994
187452,92,6535841
278623,70,805932
-1,0
-1,0
-1,0
-1,0
-1,0
-1,0
-1,0
66210,946
21902,407
73287,144
187612,106
150746,184
88291,65
88378,40
198413,629
-1,2500
-1,0
426403,109
-1,0
58207,652
147320,300
194762,295
226096,21
162837,209
115540,50
544058,106
-1,0
191547,9
280914,13
226311,23
138743,651
126800,162
-1,0
125293,44
73777,95
224646,48
167732,28
125814,69
105753,329
179699,294
103739,332
51421,53
-1,0
143639,96
300734,91
78149,630
19810,955
151494,80
147752,121
95097,418
121129,2305
-1,1
56728,302
259621,64
90509,4
-1,0
-1,0
112050,10
-1,0
243110,7
191353,50
67958,334
96250,57
325834,35
-1,0
241492,27
-1,0
173299,13
344913,95
191435,21
-1,3
92106,98
-1,4
197772,129
-1,1
106197,12
-1,0
70448,1088
56999,107
180992,14
-1,0
145064,10
120073,86
212495,18
42414,228
174284,574
241879,543
100977,107
114903,138
374150,162
