96887,2218,292595569
137523,99,17503269
165250,99,14795546
231495,99,17300994
243713,99,25379577
335119,99,17044707
26442,99,13627397
243727,99,15370233
250941,99,13103540
21245,99,21839585
155594,99,13070284
61108,99,13689986
70740,99,14192244
187705,99,13043153
159260,92,6734647
111640,99,13117746
136653,97,11420892
172981,89,5216695
239986,91,6273578
246584,96,10337654
170529,99,13873100
188695,87,3986776
162356,93,7202462
184048,88,4471504
-1,-1
-1,-1
-1,-1
-1,-1
-1,-1
-1,-1
67369,742
17823,293
62610,119
179228,88
160809,150
80974,55
73999,37
171346,629
-1,-1
-1,-1
298143,109
-1,-1
37338,580
189771,61
216464,14
-1,-1
84076,209
85704,50
464825,106
154810,9
238017,13
166115,23
118954,592
114162,159
-1,-1
107597,44
59938,95
195190,48
152488,28
103694,69
131374,224
230992,186
129353,227
17705,53
83722,96
269419,91
69051,600
19710,744
130931,75
122548,121
84624,417
125235,2075
-1,-1
74081,188
108983,64
86446,3
-1,-1
96545,10
-1,-1
203755,7
136978,50
41654,334
81560,57
216139,35
205595,27
-1,-1
127083,13
244027,95
157389,21
-1,-1
40040,77
-1,-1
-1,-1
-1,-1
83110,12
-1,-1
79308,848
49834,105
125072,12
-1,-1
138313,9
75786,86
185877,18
33865,228
150110,568
208072,543
92052,138
332654,134
