81705,2220,266637146
318271,99,13124919
359348,96,10406276
435753,99,13255239
329675,99,19647248
477678,99,13178909
196794,92,6785591
242639,99,14647163
132680,99,13529763
137578,99,13102304
296276,93,7738808
205753,93,7448338
319423,99,13034549
195334,97,11034739
120701,95,9246409
122931,98,12862689
118833,97,11483806
120963,92,6556066
196627,92,6827275
190513,97,11338262
66532,99,17808500
106074,93,7525562
22870,99,17061467
111658,95,8993264
-1,-1
-1,-1
-1,-1
-1,-1
-1,-1
-1,-1
42296,909
18403,225
54471,117
102471,150
40805,318
174031,23
31286,76
435891,500
-1,-1
-1,-1
72252,268
-1,-1
-1,-1
-1,-1
-1,-1
110927,455
144877,9
-1,-1
115215,40
-1,-1
98077,181
-1,-1
-1,-1
150473,33
255053,11
-1,-1
263473,25
402953,6
548427,6
403686,6
113542,25
-1,-1
281179,69
132037,223
75307,229
49481,119
133680,89
253376,120
57076,3055
240652,5
93609,123
85412,34
25757,8
-1,-1
103295,5
-1,-1
67977,19
-1,-1
264666,25
-1,-1
96823,81
292978,17
-1,-1
-1,-1
30388,375
-1,-1
-1,-1
-1,-1
-1,-1
-1,-1
-1,-1
146679,325
78763,67
117855,7
-1,-1
-1,-1
-1,-1
-1,-1
146294,18
399634,85
618404,148
86376,126
359828,52
