86136,2227,279123158
333984,99,13149544
366595,97,11460983
448090,99,13344158
340485,99,20213576
473774,99,13523508
207971,92,6912873
247552,99,15038248
94124,99,14463903
85165,99,13621567
296855,94,8634278
211638,93,7874952
209390,99,13079834
207485,97,11764333
132316,95,9269933
71775,99,13543738
130512,97,11716809
126938,92,7114427
209113,92,7067120
205537,97,11671733
69981,99,18090199
96319,97,11091456
24017,99,17468660
123736,95,9007326
-1,-1
-1,-1
-1,-1
-1,-1
-1,-1
-1,-1
43553,955
21334,230
50181,140
104304,155
42188,327
185526,23
33106,80
469850,500
-1,-1
-1,-1
83185,272
120212,738
278399,6
-1,-1
78283,13
-1,-1
-1,-1
113887,463
156253,9
-1,-1
133104,40
-1,-1
101380,186
-1,-1
-1,-1
92829,58
269972,11
-1,-1
282633,25
423418,6
581149,6
423553,6
116789,25
-1,-1
292564,69
140545,223
77673,239
53864,119
142082,89
262418,120
54117,3230
254298,5
102377,123
96659,57
28159,8
-1,-1
108767,5
-1,-1
73402,19
-1,-1
281723,25
-1,-1
116898,81
311020,17
-1,-1
-1,-1
34445,375
-1,-1
-1,-1
71221,28
-1,-1
-1,-1
-1,-1
-1,-1
155357,325
80698,70
130678,7
-1,-1
222983,5
-1,-1
-1,-1
159696,18
423010,85
654388,149
84522,147
377937,55
