28198,2277,389191983
58443,99,21396037
61044,99,17691324
77230,99,23978749
64206,99,38638566
74318,99,34925292
68633,99,13069310
85492,99,18548024
175890,99,13113141
49378,99,13741157
62252,99,13282300
72755,99,13108896
230480,99,13040376
8011,99,16177556
61450,99,13067985
37319,99,13755055
30654,99,13277746
13497,99,14051638
58623,99,13494998
82579,99,13999828
54225,99,17106826
23119,99,13611438
72591,99,13034597
54264,99,13081144
-1,-1
-1,-1
-1,-1
-1,-1
-1,-1
248847,177
65782,46
187739,25
267143,37
270376,66
388558,3
-1,-1
90698,650
-1,-1
-1,-1
223532,55
51214,449
51275,1009
-1,-1
119183,375
-1,-1
-1,-1
70387,11
148243,229
50138,351
42305,5
46861,91
159220,17
87365,125
-1,-1
47134,100
171353,103
68594,472
160594,117
-1,-1
96803,320
23980,1125
214922,15
100678,69
23447,405
237359,111
335654,263
96552,65
63202,151
-1,-1
96508,20
-1,-1
-1,-1
-1,-1
-1,-1
74914,90
-1,-1
35420,53
30618,40
288824,41
77327,29
23406,470
40017,58
-1,-1
102911,430
41477,83
41918,34
-1,-1
72006,12
98039,50
-1,-1
131443,508
200153,494
12302,515
54427,1650
