253510,2094,179119754
670504,91,6181002
618642,90,5816514
582731,99,13147390
438717,99,18698938
310647,99,19496936
446003,83,2850280
283977,99,15324639
534023,93,7293803
425170,88,4623587
452434,90,5550103
406592,88,4517516
492781,92,6807629
300219,93,7247171
387838,85,3392969
245225,93,7552244
210849,92,6656815
375922,82,2539879
480941,82,2458582
349281,94,8453346
137177,99,15158935
124094,95,8989688
351484,84,3226783
344480,84,3135005
-1,-1
-1,-1
-1,-1
-1,-1
-1,-1
-1,-1
-1,-1
333726,201
651456,7
660106,8
355789,39
227155,120
195812,26
474152,1
-1,-1
-1,-1
-1,-1
24226,669
-1,-1
-1,-1
302192,15
-1,-1
-1,-1
-1,-1
-1,-1
125210,463
278639,5
-1,-1
-1,-1
288179,100
256265,22
-1,-1
81879,68
-1,-1
-1,-1
-1,-1
549672,5
320209,46
324612,132
274084,68
47546,50
-1,-1
-1,-1
386265,33
489743,18
241170,59
165309,69
-1,-1
497864,37
476864,222
-1,-1
-1,-1
-1,-1
161332,1
-1,-1
-1,-1
-1,-1
-1,-1
-1,-1
111005,125
-1,-1
-1,-1
169131,33
-1,-1
-1,-1
224717,116
-1,-1
73810,400
90425,61
-1,-1
-1,-1
-1,-1
-1,-1
-1,-1
273246,55
66310,92
-1,-1
-1,-1
-1,-1
-1,-1
-1,-1
-1,-1
660575,25
385559,353
-1,-1
110967,124
202299,566
