230391,2089,173770621
631220,90,5815257
594734,90,5488442
629379,98,12841991
413206,99,18043757
296749,99,18645924
400531,83,2833325
294440,99,14349890
500393,93,7208903
400376,87,4305214
415660,90,5545881
381994,88,4397641
446789,92,6800828
273767,93,7205396
351851,85,3378339
216463,93,7448239
190057,92,6565448
334660,82,2539794
432969,82,2452803
316285,94,8414646
126052,99,15010345
111687,95,8803482
384434,82,2662599
340190,84,3012477
-1,-1
-1,-1
-1,-1
-1,-1
-1,-1
-1,-1
303146,200
580236,7
609897,8
328671,39
208229,120
180585,25
447460,1
-1,-1
-1,-1
-1,-1
19328,653
-1,-1
-1,-1
260963,15
-1,-1
-1,-1
-1,-1
-1,-1
116871,463
247895,5
-1,-1
-1,-1
259032,100
335652,5
-1,-1
76580,68
-1,-1
-1,-1
-1,-1
490792,5
298929,46
295232,132
257083,68
28703,50
-1,-1
369057,33
446597,18
211936,59
148102,69
-1,-1
474295,37
444389,222
-1,-1
-1,-1
-1,-1
139500,1
-1,-1
-1,-1
-1,-1
-1,-1
-1,-1
92728,125
-1,-1
-1,-1
155422,33
-1,-1
-1,-1
191790,116
-1,-1
64732,400
144347,7
-1,-1
-1,-1
-1,-1
-1,-1
-1,-1
251535,55
75692,77
-1,-1
-1,-1
-1,-1
-1,-1
-1,-1
-1,-1
604743,25
355226,353
100354,124
188332,566
