218644,2089,172952862
610602,90,5810805
577994,90,5470282
606716,98,12839171
397580,99,17995075
285011,99,18579565
387270,83,2776307
302885,99,13984603
485243,93,7208903
387533,87,4223612
405259,90,5518371
370742,88,4387191
430378,92,6800711
262489,93,7201156
339510,85,3359726
203064,93,7432249
180845,92,6542823
319371,82,2539770
416123,82,2452803
303659,94,8381718
120281,99,14998018
106154,95,8784047
368276,82,2653479
323196,84,3012477
-1,-1
-1,-1
-1,-1
-1,-1
-1,-1
-1,-1
291625,200
559416,7
592504,8
318979,39
201045,120
173214,25
438988,1
-1,-1
-1,-1
-1,-1
17243,653
-1,-1
250098,15
-1,-1
-1,-1
-1,-1
-1,-1
113458,463
238141,5
-1,-1
-1,-1
248063,100
-1,-1
-1,-1
73932,68
-1,-1
-1,-1
-1,-1
470163,5
290501,46
285183,132
250169,68
28088,50
-1,-1
360797,33
428567,18
203662,59
141225,69
-1,-1
464856,37
440341,197
-1,-1
-1,-1
-1,-1
132671,1
-1,-1
-1,-1
-1,-1
-1,-1
-1,-1
84338,125
-1,-1
-1,-1
149638,33
-1,-1
-1,-1
180829,116
-1,-1
60620,400
115032,7
-1,-1
-1,-1
-1,-1
-1,-1
242607,55
72544,77
-1,-1
-1,-1
-1,-1
-1,-1
-1,-1
-1,-1
583279,25
342363,353
95467,124
181731,566
