215189,2087,171512597
602278,90,5780551
569378,90,5463302
597223,98,12744048
392527,99,17897626
282665,99,18413218
379993,83,2759925
311523,99,13762497
477503,93,7200903
388903,87,4092937
400059,90,5499051
363034,88,4387191
421832,92,6800711
258022,92,7141265
332996,85,3344726
201316,93,7228760
176341,92,6527961
327240,82,2424216
420882,81,2333738
298133,94,8345948
117558,99,14988012
103841,95,8774285
365148,82,2589359
314561,84,3012367
-1,-1
-1,-1
-1,-1
-1,-1
-1,-1
-1,-1
286448,200
548594,7
584220,8
314938,39
197832,120
170270,25
435842,1
-1,-1
-1,-1
-1,-1
16159,653
-1,-1
244831,15
-1,-1
-1,-1
-1,-1
-1,-1
111723,463
232396,5
-1,-1
-1,-1
244015,100
-1,-1
-1,-1
72887,68
-1,-1
-1,-1
-1,-1
459237,5
286876,46
280838,132
247266,68
27772,50
-1,-1
356990,33
419584,18
200056,59
137797,69
-1,-1
460098,37
433379,197
-1,-1
-1,-1
-1,-1
129673,1
-1,-1
-1,-1
-1,-1
-1,-1
-1,-1
81317,125
-1,-1
-1,-1
146900,33
-1,-1
-1,-1
175498,116
-1,-1
58778,400
99045,7
-1,-1
-1,-1
-1,-1
-1,-1
238559,55
76481,72
-1,-1
-1,-1
-1,-1
-1,-1
-1,-1
-1,-1
572784,25
335473,353
93243,124
178767,566
