27708,2277,388428165
57745,99,21380441
60390,99,17672106
77030,99,23768186
63446,99,38464551
73394,99,34690498
66712,99,13069295
83936,99,18519885
173417,99,13113141
48764,99,13735640
61192,99,13282300
89564,99,13051945
233756,99,13038432
7811,99,16177556
60629,99,13067985
36535,99,13753683
30451,99,13272294
13262,99,14046535
57707,99,13493685
81290,99,13999828
53128,99,17104770
22700,99,13611438
71509,99,13034597
54032,99,13079374
-1,-1
-1,-1
-1,-1
-1,-1
-1,-1
245807,177
64221,46
185309,25
264488,37
267621,66
384375,3
-1,-1
86478,650
-1,-1
-1,-1
214691,55
50530,449
50480,1009
-1,-1
117569,375
-1,-1
-1,-1
-1,-1
146486,229
50624,344
41354,5
46266,91
152998,17
86125,125
-1,-1
46463,100
169489,103
67906,472
158918,117
-1,-1
95295,320
23523,1125
209166,15
98740,69
23043,405
235386,111
331980,263
95445,65
62471,151
-1,-1
101102,9
-1,-1
-1,-1
-1,-1
-1,-1
73465,90
-1,-1
34774,53
31122,28
281528,41
74917,29
22686,470
39467,58
-1,-1
101435,430
42125,80
39757,34
-1,-1
71138,12
96982,50
-1,-1
129456,508
197455,494
12132,515
53854,1650
