29193,2277,389855130
59858,99,21406976
62587,99,17702338
79850,99,24154323
66548,99,38802113
77302,99,35141432
77302,99,13069334
88666,99,18610428
180984,99,13113141
53392,99,13741883
63977,99,13282300
75183,99,13108896
235797,99,13040439
8295,99,16177556
63212,99,13067985
38757,99,13755300
31573,99,13281167
13958,99,14051671
61029,99,13496558
84332,99,14014359
56108,99,17108222
23797,99,13611438
75139,99,13034597
55238,99,13082674
-1,-1
-1,-1
-1,-1
-1,-1
-1,-1
254476,177
68554,46
191811,25
272294,37
275204,66
396157,3
-1,-1
95433,650
-1,-1
-1,-1
238214,55
52276,449
52591,1009
-1,-1
122197,375
-1,-1
-1,-1
37515,73
151605,229
50327,356
43696,5
47793,91
168339,17
89585,125
-1,-1
48182,100
175457,103
69924,472
164142,117
-1,-1
-1,-1
95348,338
24769,1125
223685,15
103995,69
24051,405
240757,111
342236,263
88320,85
64685,151
-1,-1
101443,20
-1,-1
-1,-1
-1,-1
-1,-1
77331,90
-1,-1
36444,53
35795,40
300940,41
81703,29
25555,470
-1,-1
-1,-1
40855,58
-1,-1
105398,430
43422,84
45692,34
-1,-1
73503,12
-1,-1
100046,50
-1,-1
134895,508
204874,494
12711,515
55568,1650
