240592,2164,181306628
704292,92,6588596
670494,90,5828192
637207,99,13150781
469841,99,19025686
328792,99,20007825
489223,83,2850302
316414,99,15372378
566821,93,7293803
477599,88,4652211
485058,90,5550103
437696,88,4518517
529432,92,6807704
325126,93,7270256
423761,85,3405058
273420,93,7603670
232211,92,6667592
409279,82,2539964
522442,82,2460035
378965,94,8461346
152484,99,15165099
135691,95,8991713
380968,84,3226807
381032,84,3179686
264305,69,689304
-1,0
-1,0
-1,0
-1,0
-1,0
-1,0
-1,0
361083,201
712938,7
705313,8
381840,39
242380,120
211056,26
496364,1
-1,472
-1,2500
-1,0
28400,669
-1,0
-1,353
334234,15
-1,0
-1,0
-1,0
-1,0
131238,463
-1,0
304367,5
-1,0
-1,0
314039,100
263813,25
-1,0
87600,68
-1,3
-1,0
-1,0
595962,5
338764,46
348401,132
288800,68
59506,50
-1,0
-1,0
404084,33
526841,18
270168,59
182001,69
-1,1
519987,37
505874,222
-1,0
-1,2
-1,2
178329,1
-1,0
-1,0
-1,0
-1,0
-1,0
132665,125
-1,1
-1,0
-1,0
179592,33
-1,0
-1,0
254555,116
-1,1
83087,400
107780,75
-1,0
-1,0
-1,0
-1,0
-1,0
291750,55
51312,113
-1,0
-1,0
-1,1
-1,0
-1,0
-1,0
711191,25
407181,353
-1,0
111899,139
214963,566
