223136,2075,163375286
602341,90,5618993
563654,90,5429536
592709,98,12361235
396662,99,17446979
291003,99,17735079
376854,83,2690679
310571,99,13671478
503837,91,6095663
409042,86,3778275
410810,90,5358668
368707,87,4155941
409995,92,6800711
259839,92,6562146
326037,85,3332680
221015,91,6409168
169564,92,6519798
323991,81,2352177
409147,81,2333738
290173,94,8341748
114194,99,14979627
129180,90,5891273
364641,82,2498137
305454,84,3011557
-1,-1
-1,-1
-1,-1
-1,-1
-1,-1
-1,-1
282420,198
536523,7
574049,8
309988,39
195387,119
171431,24
432232,1
-1,-1
-1,-1
-1,-1
15362,653
-1,-1
238672,15
-1,-1
-1,-1
-1,-1
109781,463
225784,5
-1,-1
-1,-1
238937,100
-1,-1
-1,-1
71541,68
-1,-1
-1,-1
-1,-1
447496,5
282126,46
275472,132
243339,68
27406,50
-1,-1
367800,27
409811,18
195758,59
134130,69
-1,-1
454579,37
425354,197
-1,-1
-1,-1
-1,-1
125922,1
-1,-1
-1,-1
-1,-1
-1,-1
-1,-1
77130,125
-1,-1
-1,-1
143460,33
-1,-1
-1,-1
169515,116
-1,-1
56687,400
-1,-1
-1,-1
-1,-1
-1,-1
233824,55
111026,45
-1,-1
-1,-1
-1,-1
-1,-1
-1,-1
-1,-1
561561,25
325944,353
100104,108
175535,566
