-1,0,0
-1,1,-1
-1,1,-1
-1,1,-1
-1,1,-1
-1,1,-1
-1,1,-1
263664,99,13645559
-1,1,-1
-1,1,-1
-1,1,-1
-1,1,-1
-1,1,-1
928341,70,791768
-1,1,-1
58440,99,13358042
-1,1,-1
1747,99,24713995
-1,1,-1
-1,1,-1
-1,1,-1
-1,1,-1
-1,1,-1
-1,1,-1
-1,-1
-1,-1
-1,-1
-1,-1
-1,-1
-1,-1
229385,217
17330,187
244034,21
648159,9
-1,-1
-1,-1
-1,-1
-1,-1
-1,-1
-1,-1
-1,-1
-1,-1
-1,-1
-1,-1
-1,-1
-1,-1
-1,-1
-1,-1
-1,-1
192277,27
-1,-1
-1,-1
-1,-1
-1,-1
-1,-1
-1,-1
-1,-1
-1,-1
-1,-1
-1,-1
-1,-1
-1,-1
-1,-1
-1,-1
-1,-1
-1,-1
-1,-1
-1,-1
-1,-1
-1,-1
-1,-1
-1,-1
-1,-1
-1,-1
-1,-1
-1,-1
-1,-1
-1,-1
-1,-1
-1,-1
-1,-1
-1,-1
-1,-1
-1,-1
-1,-1
-1,-1
-1,-1
-1,-1
-1,-1
-1,-1
-1,-1
-1,-1
-1,-1
-1,-1
-1,-1
-1,-1
-1,-1
-1,-1
-1,-1
