-1,276,36683089
-1,1,0
-1,1,12
-1,1,0
-1,10,1154
-1,1,12
-1,1,0
306677,99,13035599
-1,1,80
-1,1,25
-1,1,0
-1,1,10
-1,1,40
-1,1,0
-1,1,18
-1,49,97350
-1,1,0
1668,99,23548785
-1,1,0
-1,1,0
-1,1,0
-1,1,4
-1,1,0
-1,1,0
-1,-1
-1,-1
-1,-1
1556610,2
1451753,1
-1,-1
1298998,1
-1,-1
-1,-1
-1,-1
-1,-1
-1,-1
-1,-1
-1,-1
-1,-1
-1,-1
-1,-1
-1,-1
-1,-1
-1,-1
-1,-1
-1,-1
204460,6
-1,-1
-1,-1
-1,-1
-1,-1
-1,-1
-1,-1
-1,-1
-1,-1
-1,-1
-1,-1
-1,-1
-1,-1
-1,-1
-1,-1
-1,-1
-1,-1
-1,-1
-1,-1
-1,-1
-1,-1
-1,-1
-1,-1
-1,-1
-1,-1
-1,-1
-1,-1
-1,-1
-1,-1
-1,-1
-1,-1
-1,-1
-1,-1
-1,-1
-1,-1
-1,-1
-1,-1
-1,-1
-1,-1
-1,-1
-1,-1
-1,-1
-1,-1
-1,-1
-1,-1
-1,-1
