87055,2164,250632735
405497,93,7649512
340081,94,8024951
199009,99,15226777
136633,99,27278010
63247,99,37536162
195873,88,4802361
106316,99,17075418
404731,91,6219497
203476,91,6081478
83286,99,13145236
215701,91,5964918
82829,99,13392242
167192,93,7673257
128338,90,5437903
159564,89,5161166
121673,91,6264432
120925,88,4435329
121847,96,9702386
187601,95,9540047
199959,98,12599805
68445,96,10003437
160283,87,4163408
18373,99,13255003
-1,-1
-1,-1
-1,-1
-1,-1
-1,-1
43437,726
46173,61
20207,210
95238,132
45196,271
76319,41
113634,11
-1,-1
-1,-1
139531,259
4116,782
-1,-1
91306,484
-1,-1
42136,697
62726,15
-1,-1
39671,34
171149,150
105755,116
-1,-1
-1,-1
-1,-1
24733,524
114693,35
145224,36
242547,38
155190,218
247975,34
7401,70
19684,1107
14517,1617
-1,-1
84349,76
12818,625
471816,10
68213,2467
-1,-1
46514,205
83730,2
-1,-1
-1,-1
-1,-1
-1,-1
58977,33
140034,37
-1,-1
176509,24
-1,-1
65756,166
46934,50
37273,331
50479,15
-1,-1
169068,126
65806,48
-1,-1
-1,-1
82422,11
-1,-1
-1,-1
415944,50
196713,494
10452,564
111793,835
