67508,2216,339728115
231282,99,13496431
151237,99,14219418
97987,99,22744205
64730,99,40961405
39086,99,52953434
157178,94,8136948
55998,99,22751428
407979,93,7397005
223175,91,6413109
32613,99,13927156
199902,92,6707483
87638,99,13446592
170415,95,9547251
121406,91,6392245
112348,95,9329735
105098,95,9435568
83280,94,8048945
116662,99,13040998
152473,98,11946238
75970,99,15871164
21375,99,14022668
137662,90,5629825
16618,99,13308864
-1,-1
-1,-1
-1,-1
-1,-1
-1,-1
-1,-1
31279,963
40145,83
19701,247
82591,166
26509,350
25472,97
86647,20
75767,784
-1,-1
57748,1175
4505,1039
-1,-1
36360,1386
7183,791
44933,707
37845,28
144735,24
5054,747
166895,202
48448,385
-1,-1
-1,-1
-1,-1
23337,592
123165,35
161689,36
263323,38
167056,218
269513,34
8310,70
-1,-1
20516,1170
12109,2048
-1,-1
72401,90
14120,625
547016,10
58818,2803
-1,-1
50425,205
46449,4
5553,2348
-1,-1
-1,-1
291113,5
89143,33
159547,37
-1,-1
124296,33
5136,805
80787,166
53963,50
39058,404
-1,-1
-1,-1
31398,140
-1,-1
78635,674
67412,63
43316,65
-1,-1
87885,11
-1,-1
-1,-1
-1,-1
443622,50
216001,494
8757,684
117749,850
