56166,2259,431957971
197014,99,14536584
76451,99,17561293
49284,99,36463735
41959,99,54048052
33669,99,62274590
159991,98,11916716
33057,99,30130858
241897,99,13078178
60379,99,13943398
24388,99,14721979
154783,97,10819611
79036,99,13722303
185886,97,11462956
133272,92,6860434
69511,99,13313886
115489,97,10819672
82709,98,12267473
70004,99,13607653
83928,99,14752414
63577,99,17744532
18290,99,14831387
108548,96,9743514
17620,99,13336753
-1,-1
-1,-1
-1,-1
-1,-1
-1,-1
-1,-1
22504,1270
46625,88
14873,368
56556,252
19148,412
20442,121
75192,29
78550,855
-1,-1
69286,1175
6417,1039
-1,-1
-1,-1
35000,1522
10501,791
49005,707
40168,30
166759,24
8018,747
180252,213
30622,617
52410,10
-1,-1
-1,-1
26733,592
115002,50
177508,36
283413,38
180246,218
289822,34
9261,70
-1,-1
23299,1170
14225,2048
280293,12
70625,98
15491,625
596081,10
37530,3571
49413,280
13861,553
1820,322
33494,6
7239,2372
-1,-1
-1,-1
310941,5
116132,33
178360,37
-1,-1
119892,48
100214,39
-1,-1
8151,805
87412,180
60464,50
43510,442
-1,-1
-1,-1
31090,186
16432,14
46870,1180
70507,71
17232,268
21489,2
86993,12
61599,50
-1,-1
-1,-1
476995,50
237549,494
9336,737
109724,1000
