68998,2212,332212324
251508,99,13274665
179075,99,13693486
107940,99,21520638
68854,99,39685388
39838,99,52216629
156535,94,8052868
59330,99,22176810
407839,93,7308405
219998,91,6413109
32341,99,13927156
198450,92,6707483
86892,99,13446592
169979,95,9317195
120227,91,6392245
116955,94,8708519
104739,95,9273403
83505,93,7882591
126770,98,11853280
156057,97,11622611
76044,99,15806901
21373,99,13997005
136521,90,5628641
16566,99,13306704
-1,-1
-1,-1
-1,-1
-1,-1
-1,-1
-1,-1
31571,951
39387,83
19628,245
83160,164
27969,342
25211,97
85909,20
74636,784
-1,-1
57183,1175
4334,1039
-1,-1
36078,1386
6797,791
45321,702
38902,27
142759,24
4771,747
186299,150
48606,382
-1,-1
-1,-1
-1,-1
23181,592
122750,35
160451,36
261936,38
166221,218
268087,34
8228,70
-1,-1
20326,1170
11973,2048
-1,-1
71832,90
14021,625
542613,10
58346,2803
-1,-1
50112,205
46073,4
5448,2348
-1,-1
-1,-1
-1,-1
87279,33
157966,37
-1,-1
136320,31
4852,805
79467,166
53495,50
38400,404
-1,-1
-1,-1
31576,136
-1,-1
98800,502
77720,52
51851,42
-1,-1
87393,11
-1,-1
-1,-1
-1,-1
441553,50
214359,494
8693,684
117179,850
