68127,2214,336437050
236901,99,13420325
155460,99,14120003
102836,99,22117502
65624,99,40577516
39172,99,52706150
156905,94,8055333
55847,99,22688230
407898,93,7336226
221205,91,6413109
32426,99,13927156
198917,92,6707483
87131,99,13446592
170145,95,9388674
120575,91,6392245
116882,95,8782743
104374,95,9435568
82696,94,8048724
125977,98,12385221
155288,97,11705893
75989,99,15831358
21331,99,14012930
136927,90,5629545
16514,99,13308524
-1,-1
-1,-1
-1,-1
-1,-1
-1,-1
-1,-1
31463,955
39649,83
19719,245
82278,166
27635,344
25298,97
86150,20
75022,784
-1,-1
57342,1175
4387,1039
-1,-1
36174,1386
6915,791
44729,707
37588,28
143412,24
4872,747
186776,150
48449,384
-1,-1
-1,-1
-1,-1
23228,592
122929,35
160873,36
262410,38
166546,218
268566,34
8248,70
-1,-1
20380,1170
12003,2048
-1,-1
72000,90
14048,625
544064,10
58499,2803
-1,-1
50205,205
46204,4
5477,2348
-1,-1
-1,-1
290284,5
87896,33
158515,37
-1,-1
130104,32
4947,805
79892,166
53696,50
38727,404
-1,-1
-1,-1
31244,140
-1,-1
78265,674
67862,62
43044,64
-1,-1
87532,11
-1,-1
-1,-1
-1,-1
442248,50
214902,494
8724,684
117376,850
