18549,2277,586969853
160683,99,16516048
29751,99,24410269
19897,99,75750609
23195,99,80105339
33393,99,70828604
58943,99,13281854
15735,99,45002937
125999,99,13837618
56869,99,14664890
22104,99,15449675
91253,99,13165950
86000,99,13824105
57828,99,14185496
25102,99,14064110
40594,99,14864466
7384,99,18359992
18647,99,14371853
32420,99,17442895
61058,99,18322043
36148,99,24295112
7147,99,20669846
18391,99,20178637
19633,99,13377505
-1,-1
-1,-1
-1,-1
-1,-1
-1,-1
-1,-1
16504,1763
46879,117
13339,501
51003,303
8935,609
16053,164
41268,69
59325,1149
-1,-1
75144,1175
9176,1039
86845,5216
6353,901
50618,587
38943,1559
105475,14
86773,212
15326,791
52242,726
1428,286
202733,24
11406,814
172529,338
20165,872
43974,39
172084,25
224555,25
6496,1502
35231,266
198582,38
186023,138
104697,407
184807,137
10601,70
5034,1671
25878,1170
5580,4000
240284,50
59875,116
17130,633
552850,25
34260,3933
23637,645
18413,556
12103,327
26905,9
7681,2645
72229,25
35500,25
46251,29
78555,143
207581,40
162550,25
154805,64
37686,60
-1,-1
12825,805
104798,187
68988,50
54611,450
39181,83
-1,-1
111306,45
-1,-1
35154,215
22023,15
37755,1516
64961,88
11355,429
25145,2
90287,13
37045,596
-1,-1
-1,-1
346581,164
270521,494
11023,800
25031,3087
