18427,2277,592804672
151499,99,16959573
28132,99,24926064
19697,99,77174848
22694,99,81482276
33143,99,71665630
59554,99,13281879
15366,99,45699548
127169,99,13839088
53928,99,14909372
22173,99,15449675
91970,99,13166303
84845,99,13863069
58431,99,14186516
25373,99,14065143
40964,99,14865176
7500,99,18376306
18804,99,14373858
32321,99,17541744
61997,99,18355613
36217,99,24390571
7240,99,20669846
18638,99,20184289
19884,99,13378285
-1,-1
-1,-1
-1,-1
-1,-1
-1,-1
-1,-1
16020,1809
47611,117
13547,501
46180,330
8613,622
15883,167
40254,72
59722,1149
-1,-1
77221,1175
9341,1039
90312,5216
6163,914
51666,587
39238,1559
111119,14
90694,212
15598,791
52575,726
1456,286
204458,24
11632,814
174019,338
17251,955
43934,41
173005,25
225801,25
6564,1502
35442,266
199940,38
187066,138
105378,407
185787,137
10660,70
5182,1671
25994,1170
5650,4000
242163,50
59458,117
17231,633
555206,25
34165,3950
23857,645
18696,556
13232,327
27166,9
7755,2645
72756,25
35966,25
46653,29
79939,143
210072,40
163422,25
158148,64
38097,60
-1,-1
13164,805
106026,187
69435,50
54747,452
40544,83
-1,-1
122453,45
-1,-1
35695,215
22503,15
38059,1516
64564,89
11616,429
25449,2
90871,13
38195,596
-1,-1
-1,-1
349171,164
272202,494
11191,800
25194,3087
