15098,2277,674175618
136297,99,18142329
21467,99,27926104
16235,99,93307811
17526,99,96991423
23882,99,88338242
58166,99,13359318
13025,99,52834576
128719,99,13986229
39295,99,17305435
16007,99,17570163
79302,99,13387834
72347,99,14324259
31820,99,14999152
23293,99,14587710
28409,99,16825308
7468,99,19482521
13996,99,15191123
31718,99,18373306
30066,99,24727412
35238,99,25643148
6579,99,22648153
19245,99,20813163
20364,99,13410899
-1,-1
-1,-1
-1,-1
-1,-1
-1,-1
-1,-1
14070,2103
44215,153
10350,594
41576,382
7858,686
14362,194
32952,94
64664,1141
-1,-1
80729,1175
11682,1039
113365,5216
6569,975
61700,587
37426,1656
135820,24
119861,212
17304,791
54748,733
1694,286
217232,24
13186,814
156654,471
16925,982
35283,77
180125,25
236941,25
3090,2200
34363,285
212633,38
150200,204
91499,473
149120,203
20497,73
-1,-1
6702,1671
26592,1173
5593,4127
3054,2252
60210,121
18058,633
576823,25
17662,5047
8800,1268
11408,790
23343,329
20328,12
7289,2834
75295,25
39340,27
50722,29
28893,424
230674,40
170801,25
192584,64
22925,72
-1,-1
14712,805
117572,190
73269,50
57406,465
12073,308
90904,6
173816,70
-1,-1
30109,303
23709,17
19155,2315
65656,92
12721,439
14795,5
95403,13
46065,596
-1,-1
-1,-1
369617,164
289286,494
63392,100
10239,906
20758,3526
