16085,2277,653786859
135244,99,18141042
21358,99,27862847
19221,99,84665528
18684,99,93601710
24173,99,87212218
57376,99,13359176
13606,99,52181395
127675,99,13983052
45359,99,16263499
18122,99,16931432
78943,99,13386344
78718,99,14130675
33501,99,14933187
26606,99,14233074
29360,99,16752561
7293,99,19471698
14484,99,15117369
35386,99,17974843
45800,99,21177493
34889,99,25583395
7933,99,22627528
20214,99,20802042
20960,99,13394751
-1,-1
-1,-1
-1,-1
-1,-1
-1,-1
-1,-1
14821,2021
46748,140
12085,538
41372,380
7733,683
14693,188
33098,92
65152,1141
-1,-1
82093,1175
11549,1039
109693,5216
6453,969
59976,587
41022,1559
127086,24
114994,212
17120,791
54760,733
1662,286
217688,24
13064,814
154363,471
16842,982
34802,77
178926,25
235192,25
3219,2200
34686,285
210507,38
148960,204
90632,473
147948,203
18854,73
-1,-1
6535,1671
26559,1173
5550,4127
226300,62
59430,121
17880,633
573164,25
17488,5047
9450,1212
11195,790
22557,329
20059,12
7421,2798
74973,25
39649,27
50100,29
28263,424
226852,40
169587,25
192265,64
22638,72
-1,-1
14635,805
115694,190
72487,50
57719,459
12579,308
89117,6
160649,70
-1,-1
30460,295
23410,17
18978,2312
65237,92
12748,439
14642,5
94559,13
44996,596
-1,-1
-1,-1
366460,164
288146,494
60846,100
11710,826
20997,3526
