11125,2376,760033506
131891,99,19087649
20648,99,29892340
14705,99,109931224
15152,99,112093794
17775,99,108146959
65373,99,13368129
13633,99,57593739
139162,99,14067231
33316,99,20287937
14889,99,18712893
89258,99,13397627
65858,99,14786784
25949,99,15464124
23004,99,15082631
28996,99,17757848
8758,99,19507738
15390,99,15232671
32723,99,18953383
26050,99,27979417
36264,99,27176391
6280,99,23981841
21267,99,20983801
24791,99,13507601
64075,99,13039754
-1,0
-1,0
-1,0
-1,0
-1,0
-1,0
-1,0
13139,2460
47510,195
10941,658
32708,462
6996,807
12473,219
28627,119
69095,1125
-1,2102
84979,1175
14586,1039
17712,44020
8043,1053
67439,648
41461,1656
105234,52
159165,212
21035,791
57152,741
32759,1254
2167,286
237625,24
16202,814
177836,471
18113,985
33177,114
195039,25
258579,25
3264,2219
28158,360
233082,38
109273,317
72940,587
108162,317
1718,248
-1,4
9324,1671
28535,1173
6292,4127
2559,2748
66125,124
19625,633
614337,25
13736,5626
7245,1523
3473,1620
41312,329
17481,15
8025,2834
80933,25
45948,27
27649,50
35498,424
282526,40
185516,25
172234,91
20851,411
18366,80
15062,20
17894,805
139655,190
79935,50
66052,472
18365,330
49844,134
261182,70
-1,3
15974,649
26890,22
11513,3114
70233,93
15127,439
14818,6
102825,13
57987,596
-1,1
-1,3
403379,164
310846,494
53355,316
11542,947
21959,3528
