23449,2277,495229525
173343,99,15466442
56836,99,19490993
31626,99,50123377
33191,99,62728542
33329,99,65029227
135260,99,13041469
24216,99,35250875
201822,99,13153628
59196,99,14143852
24101,99,14922577
88256,99,13127698
80010,99,13766750
100920,99,13300943
62611,99,13144923
52855,99,13873305
18641,99,14075695
33401,99,13451929
44539,99,15131186
69537,99,16253908
44310,99,21027874
13540,99,16143744
31933,99,15226573
17880,99,13354015
-1,-1
-1,-1
-1,-1
-1,-1
-1,-1
-1,-1
17851,1515
44529,101
13966,422
51581,281
10571,526
17999,137
51899,48
63227,1034
-1,-1
67864,1175
7063,1039
115446,553
196585,50
35826,1559
46860,81
12342,791
48409,726
15176,70
180863,24
8805,814
189627,213
25362,721
40268,32
162103,25
210681,25
28508,592
35430,250
182626,38
287022,43
183333,225
292889,39
9671,70
88601,50
24127,1170
6700,3371
221334,50
59278,110
16097,629
525925,25
32829,3847
51925,286
15355,553
3541,327
31439,7
7787,2372
67093,25
31306,25
320995,5
118133,50
188008,37
152339,25
124942,59
77815,45
-1,-1
9800,805
90080,187
63435,50
47406,445
-1,-1
-1,-1
30788,207
17740,15
45778,1250
74549,71
14823,324
22400,2
84507,13
69983,50
-1,-1
-1,-1
318769,164
246965,494
9198,791
92624,1177
