141029,2138,231023557
231395,99,13845590
445239,92,6834783
223606,99,15948847
170817,99,27959033
103888,99,33896905
375006,82,2471193
407930,98,12497777
509477,90,5565474
269437,91,5989103
338637,91,6103940
66922,99,13329597
81378,99,13685157
255128,91,6065357
207209,88,4605566
201249,91,6515390
183989,90,5671696
162546,88,4421590
149901,97,10774393
195247,97,10762838
311222,94,8302119
249528,81,2277118
116759,95,8804200
149172,88,4695891
-1,-1
-1,-1
-1,-1
-1,-1
-1,-1
-1,-1
28791,1111
15920,239
27205,212
26714,429
99631,193
108048,37
411253,1
42213,1283
18743,2568
96352,776
68827,266
40062,5198
86066,289
56005,1104
-1,-1
669306,37
-1,-1
-1,-1
34240,231
257020,32
106346,152
-1,-1
213711,8
-1,-1
89902,165
-1,-1
-1,-1
-1,-1
199117,195
-1,-1
199296,10
101285,14
237633,101
72392,488
166098,73
224538,43
-1,-1
545127,18
313245,588
-1,-1
248310,11
3368,277
-1,-1
-1,-1
-1,-1
34570,7
-1,-1
114966,37
117411,70
-1,-1
129394,43
369236,11
-1,-1
-1,-1
31941,353
170103,15
10445,1035
27101,97
-1,-1
-1,-1
-1,-1
100584,566
59043,84
-1,-1
87423,1
-1,-1
62002,50
-1,-1
-1,-1
530758,29
293763,389
15636,527
174636,545
