98458,2217,329491826
156505,99,16688281
327752,99,13067593
162259,99,21484868
105316,99,39792302
63989,99,50969822
282130,89,5228147
201428,99,16623617
505465,92,7055423
160474,99,13096748
218696,99,13037059
75766,99,13340944
88049,99,13784103
248533,94,7966473
210811,90,5350600
199989,94,8157231
173968,93,7377116
128954,93,7386833
169490,98,12164987
114892,99,14716457
319666,97,10727871
153175,90,5390783
106599,99,13041412
112134,99,13043156
-1,-1
-1,-1
-1,-1
-1,-1
-1,-1
-1,-1
27280,1321
21805,246
22667,309
27201,454
83796,237
61356,69
226251,6
35628,1622
46212,2568
104236,776
51100,374
86944,5198
23571,668
93411,320
12539,2767
24772,94
86709,212
-1,-1
576263,71
-1,-1
-1,-1
51098,231
294095,32
68238,325
-1,-1
243967,8
-1,-1
72832,269
145663,33
-1,-1
-1,-1
223232,196
-1,-1
250750,10
87421,90
43219,865
83123,491
191382,73
197452,56
109396,145
593832,18
349202,595
-1,-1
150178,78
17983,287
-1,-1
-1,-1
-1,-1
38464,15
-1,-1
154818,37
123920,86
-1,-1
194429,45
397917,12
-1,-1
-1,-1
40414,353
176527,19
11789,1085
32950,100
39418,97
90252,71
71631,5
76359,22
-1,-1
113473,566
61046,92
-1,-1
88135,1
-1,-1
27989,892
199905,14
-1,-1
420158,100
333439,390
17777,578
101111,1158
