99315,2230,355888887
140306,99,17932219
253998,99,13661086
163993,99,23330242
101392,99,43568519
70834,99,51831356
225746,93,7791714
114724,99,22444511
523324,93,7457678
164881,99,13130138
173146,99,13073047
82026,99,13342924
94811,99,13789392
168511,99,13111673
216036,90,5446168
197473,95,9531212
184015,94,7955589
140317,93,7626479
156066,99,13098447
130089,99,14716457
342933,97,11183387
160279,90,5774490
115074,99,13047033
124798,99,13045126
-1,-1
-1,-1
-1,-1
-1,-1
-1,-1
-1,-1
29787,1379
27274,246
22440,358
29631,456
90005,240
66113,72
227402,7
36331,1679
71411,2568
111457,776
63504,374
113481,5198
28382,703
113526,320
13350,2767
38485,94
119830,212
-1,-1
615548,71
-1,-1
-1,-1
58564,231
319129,32
64688,357
-1,-1
260524,8
-1,-1
77521,269
143619,38
-1,-1
-1,-1
238979,197
460780,6
306206,10
-1,-1
109084,91
44838,865
88139,492
213113,73
214433,56
117715,145
622092,18
368601,595
-1,-1
164470,78
34542,287
-1,-1
-1,-1
-1,-1
44803,15
-1,-1
177356,37
141479,86
-1,-1
242266,45
422334,12
-1,-1
-1,-1
46096,353
190915,19
12412,1096
54413,100
46706,97
111042,150
83592,5
82837,22
-1,-1
120514,566
64601,93
-1,-1
89646,1
-1,-1
19737,1411
209679,14
-1,-1
447779,100
356662,390
15204,574
19946,578
106294,1158
