101081,2231,358536653
142001,99,17938555
257900,99,13666370
167411,99,23441835
101246,99,44203334
72825,99,51849146
229964,93,7791723
102753,99,23833165
529200,93,7498628
168453,99,13130138
176885,99,13073047
77269,99,13452074
96435,99,13789392
165838,99,13128793
218823,90,5462182
202328,95,9653398
187572,94,7957514
143405,93,7643252
158728,99,13098485
133056,99,14716457
350749,97,11206829
161318,91,5907685
116594,99,13048475
126760,99,13046176
-1,-1
-1,-1
-1,-1
-1,-1
-1,-1
-1,-1
-1,-1
30575,1389
28657,248
22875,363
30292,456
91896,240
64854,75
230826,7
36286,1679
78685,2568
112563,776
65929,374
118900,5198
29607,705
117424,320
13560,2767
41281,94
126573,212
-1,-1
624812,71
-1,-1
-1,-1
60346,231
324965,32
65087,359
-1,-1
264568,8
-1,-1
78500,269
144824,38
-1,-1
-1,-1
243377,197
466593,6
318392,10
-1,-1
114342,91
45282,865
89279,492
219111,73
218911,56
119683,145
628898,18
373027,595
-1,-1
167825,78
39152,287
-1,-1
-1,-1
-1,-1
45714,15
-1,-1
182267,37
145165,86
-1,-1
250502,45
427821,12
-1,-1
-1,-1
47678,353
195162,19
12834,1096
59301,100
48170,97
123891,150
86384,5
84407,22
-1,-1
122221,566
65397,93
-1,-1
89962,1
-1,-1
20442,1411
212236,14
-1,-1
454167,100
362077,390
12917,681
20640,578
107610,1158
