115566,2185,296720487
201069,99,14929401
395992,95,9589352
163035,99,20321980
110485,99,37248358
60603,99,50214258
316323,86,3614505
204030,99,16066800
491353,92,6849518
229695,95,9284101
355451,91,6227317
71865,99,13339842
84110,99,13768205
241052,93,7644246
211801,89,4983666
200366,93,7402580
172734,92,6765779
120753,93,7299169
161506,98,11859366
107944,99,14605168
307783,96,10218936
149917,89,5161041
130838,95,8887600
118757,96,10439299
-1,-1
-1,-1
-1,-1
-1,-1
-1,-1
-1,-1
27154,1252
19228,246
25288,257
26598,446
81307,233
60390,66
254488,4
36246,1551
30408,2568
102525,776
45088,374
66421,5198
94961,290
12103,2767
40485,32
64269,212
-1,-1
556761,71
-1,-1
-1,-1
45152,231
279582,32
77221,270
-1,-1
232801,8
-1,-1
68747,268
141345,33
-1,-1
-1,-1
213980,196
-1,-1
231997,10
86693,64
41582,863
78508,491
182064,73
193861,54
104343,145
576350,18
335963,595
-1,-1
269844,11
10455,287
-1,-1
-1,-1
-1,-1
35474,15
-1,-1
139726,37
112189,86
-1,-1
168581,45
383430,12
-1,-1
-1,-1
37094,353
167628,19
10846,1084
26486,85
34096,97
63491,5
84553,7
-1,-1
108676,566
58037,92
-1,-1
87199,1
-1,-1
54584,160
192666,14
-1,-1
401757,100
317985,390
16230,578
97151,1158
