145065,2125,211077168
246388,99,13504352
469591,91,6035692
227167,99,15555535
205190,99,24781261
141347,99,27008421
436294,80,2019955
421681,97,11300389
499175,90,5472437
267738,90,5686279
328658,91,6052316
64870,99,13317429
79910,99,13655470
256128,90,5544760
197915,88,4575911
196321,91,5903448
187201,90,5507583
166979,86,3934811
155175,95,8910877
210922,96,9848727
309032,93,7691528
244668,81,2199576
113934,94,8116336
143188,88,4454075
-1,-1
-1,-1
-1,-1
-1,-1
-1,-1
-1,-1
30185,1042
14781,234
30266,181
26126,426
114174,171
126921,30
-1,-1
43134,1222
16157,2568
88015,776
62110,266
-1,-1
83667,289
96386,585
-1,-1
650582,37
-1,-1
-1,-1
28722,231
249160,29
120889,112
-1,-1
203735,8
-1,-1
85062,165
-1,-1
-1,-1
-1,-1
191928,195
-1,-1
184191,10
88587,14
295424,51
69486,484
158379,73
240027,38
-1,-1
530988,18
303143,588
-1,-1
239519,11
1518,193
-1,-1
-1,-1
-1,-1
32344,7
-1,-1
102258,37
113173,69
-1,-1
106167,43
359731,11
-1,-1
-1,-1
29369,353
160170,15
10524,1003
23125,97
-1,-1
-1,-1
-1,-1
96867,566
56218,83
-1,-1
-1,-1
-1,-1
54408,50
-1,-1
-1,-1
513422,29
282669,388
17801,450
207935,372
