75612,2326,378988286
138423,99,18635669
258739,99,13902735
181096,99,24215624
100718,99,47425728
81020,99,52375934
251346,94,7954243
72818,99,29775302
548066,94,7995248
173571,99,13190622
192373,99,13073047
85155,99,13452434
103104,99,13796028
161631,99,13193585
233482,90,5554197
221945,96,9934201
202384,94,8102535
151982,94,8036869
165693,99,13117577
139251,99,15021395
381078,97,11644072
164530,91,6372195
125415,99,13050967
124912,99,13080848
112352,91,6087231
-1,0
-1,0
-1,0
-1,0
-1,0
-1,0
-1,0
35000,1402
35903,249
26038,363
33112,456
95199,248
68538,78
235895,8
37212,1698
111286,2568
115808,776
75815,374
144620,5198
38039,723
135101,320
14603,2767
53375,94
154337,212
-1,0
662203,71
-1,0
-1,2
-1,0
70106,231
352319,32
63514,388
-1,1
285343,8
-1,0
83205,269
149845,38
-1,0
-1,4
259993,197
492981,6
366065,10
-1,0
137042,94
47595,865
94492,492
246094,73
240188,56
128258,145
661069,18
393324,595
-1,2
182130,78
56906,287
-1,0
-1,0
-1,4
51412,15
-1,1
205813,37
172743,86
-1,0
281044,45
-1,0
426253,14
-1,0
-1,0
53874,353
210489,19
14089,1096
84034,100
55593,97
167134,150
99078,5
93205,22
-1,0
130001,566
69353,93
-1,0
92167,1
-1,4
23944,1411
223602,14
-1,4
483842,100
381634,390
5660,1155
22857,583
100864,1276
