72992,2325,375493108
149152,99,18043398
268326,99,13764402
181643,99,23929036
101886,99,46780115
80044,99,52375934
250072,93,7792796
75698,99,29004143
544133,94,7985798
171612,99,13190242
191051,99,13073047
84360,99,13452434
102316,99,13795678
176560,99,13133753
231922,90,5539017
218923,96,9887691
199962,94,8097447
150103,94,8035134
164162,99,13117500
145102,99,14724457
376390,97,11644060
173482,91,5907980
124066,99,13050967
123405,99,13080848
105799,91,6087231
-1,0
-1,0
-1,0
-1,0
-1,0
-1,0
-1,0
34664,1393
34769,249
25561,363
32779,456
98831,240
67407,78
243192,7
37067,1697
106979,2568
115487,776
74283,374
141085,5198
36885,723
132546,320
14428,2767
51624,94
150479,212
-1,0
657129,71
-1,0
-1,2
-1,0
68575,231
348534,32
63266,388
-1,1
282360,8
-1,0
82614,269
149365,38
-1,0
-1,4
257766,197
489479,6
359810,10
-1,0
134558,91
47332,865
93800,492
242528,73
237113,56
127094,145
656891,18
390569,595
-1,2
180386,78
54301,287
-1,0
-1,0
-1,4
50497,15
-1,1
202284,37
168463,86
-1,0
278193,45
-1,0
450214,12
-1,0
-1,0
53055,353
208245,19
13895,1096
80918,100
54412,97
161940,150
97121,5
91948,22
-1,0
128959,566
68822,93
-1,0
91931,1
-1,4
23408,1411
222402,14
-1,4
479546,100
379387,390
6248,1096
22444,583
100322,1276
