141700,2132,218256709
236017,99,13703613
450802,92,6562152
225967,99,15721270
196972,99,25613136
134145,99,28320028
379130,81,2352870
421732,97,11559590
502939,90,5516166
263163,91,5961163
331501,91,6094980
65392,99,13327719
79888,99,13680686
259511,90,5597672
201515,88,4588081
198471,91,6052753
183376,90,5592532
164661,87,4112571
146782,97,10749449
207076,96,10091902
308664,94,8016565
246815,81,2229290
117652,94,8192484
144103,88,4620037
-1,-1
-1,-1
-1,-1
-1,-1
-1,-1
-1,-1
29199,1077
15139,237
26780,207
26398,427
114953,172
118620,33
407543,1
41008,1283
17193,2568
90666,776
64906,266
31271,5198
84581,289
84322,714
-1,-1
658333,37
-1,-1
-1,-1
30552,231
253044,29
117090,123
-1,-1
207698,8
-1,-1
87042,165
-1,-1
-1,-1
-1,-1
194492,195
-1,-1
190483,10
93718,14
299359,51
70378,488
161401,73
223397,42
-1,-1
537008,18
307192,588
-1,-1
242947,11
1940,277
-1,-1
-1,-1
-1,-1
32996,7
-1,-1
107560,37
114381,70
-1,-1
116797,43
363410,11
-1,-1
-1,-1
30358,353
164224,15
10268,1024
24557,97
-1,-1
-1,-1
-1,-1
98318,566
57666,83
-1,-1
-1,-1
-1,-1
57614,50
-1,-1
-1,-1
521923,29
287238,389
18041,450
171664,545
