99974,2221,343198451
135910,99,17876398
247434,99,13615831
155018,99,23056941
98506,99,42529591
66416,99,51208956
252582,90,5748808
131028,99,20562782
506561,93,7452638
161567,99,13111384
222814,99,13037290
78836,99,13342924
90983,99,13786244
249283,94,8316311
214190,90,5369109
196136,95,8889592
174621,94,7948282
131946,93,7620436
174391,98,12449701
121674,99,14716457
326292,97,11079094
160753,90,5391252
110298,99,13044354
115905,99,13044076
-1,-1
-1,-1
-1,-1
-1,-1
-1,-1
-1,-1
28506,1330
23344,246
23620,311
27806,456
84948,240
61764,71
231231,6
35819,1644
58228,2568
111423,776
56590,374
97435,5198
25120,684
101701,320
12889,2767
29560,94
101491,212
-1,-1
590739,71
-1,-1
-1,-1
54419,231
303494,32
66037,342
-1,-1
250589,8
-1,-1
74966,269
140511,38
-1,-1
-1,-1
228602,197
445748,6
266100,10
95370,91
43897,865
85500,492
197825,73
204276,56
112599,145
604585,18
357576,595
-1,-1
156124,78
24168,287
-1,-1
-1,-1
-1,-1
40821,15
-1,-1
164548,37
131109,86
-1,-1
212696,45
408135,12
-1,-1
-1,-1
42561,353
181618,19
11871,1096
38880,100
42821,97
78319,150
76740,5
79183,22
-1,-1
116404,566
62866,93
-1,-1
88802,1
-1,-1
17931,1411
204331,14
-1,-1
431404,100
342902,390
16378,453
18639,578
103607,1158
