131903,2156,264973243
225186,99,14135981
427431,93,7780502
183238,99,18131433
122718,99,34022049
65998,99,45947307
358281,84,2959298
235117,99,14886852
521084,90,5636443
274497,91,6214502
344802,91,6201624
68643,99,13339022
83762,99,13690144
242919,93,7256370
200893,89,4976521
196787,92,6969215
169879,91,6364100
141153,90,5472121
154591,97,11214780
122014,99,13698165
306544,95,9292905
218171,84,3067316
122882,95,8872568
156882,89,4844025
-1,-1
-1,-1
-1,-1
-1,-1
-1,-1
-1,-1
27097,1198
17235,244
25959,234
26745,436
79843,228
76995,52
248022,4
39699,1397
21969,2568
94057,776
53442,318
52523,5198
89383,289
15842,2395
36168,138
-1,-1
540053,71
-1,-1
-1,-1
40168,231
268299,32
96154,188
-1,-1
223020,8
-1,-1
65615,268
218448,6
-1,-1
-1,-1
206388,195
-1,-1
214674,10
113801,14
40094,863
75214,491
174199,73
205753,49
-1,-1
560001,18
324049,595
-1,-1
258515,11
5412,287
-1,-1
-1,-1
-1,-1
36727,7
-1,-1
127187,37
122944,70
-1,-1
150081,43
370406,12
-1,-1
-1,-1
34197,353
163035,18
10208,1083
30436,97
58046,5
-1,-1
-1,-1
104696,566
60018,86
-1,-1
87030,1
-1,-1
67573,52
186518,14
-1,-1
548910,29
303198,389
16949,527
158194,656
