173657,2079,171139911
329020,98,12481104
651515,85,3263625
252240,99,14506425
285089,99,19437300
246871,99,17532896
451759,79,1839167
441801,96,9845852
572564,85,3506718
267121,89,5048894
398746,87,4335266
94444,99,13061568
73900,99,13653824
287459,87,3983531
295889,84,3002659
208252,88,4409233
219280,88,4435032
180682,85,3418892
149429,93,7847381
251696,94,8040846
308203,92,6628044
267499,78,1719661
152196,89,5090374
136115,87,4051619
-1,-1
-1,-1
-1,-1
-1,-1
-1,-1
-1,-1
34863,893
13411,213
41387,123
27676,403
148964,133
160184,21
-1,-1
40059,1173
12238,2568
80078,776
76815,214
79106,289
-1,-1
-1,-1
617318,37
-1,-1
-1,-1
19716,231
233417,26
122381,96
-1,-1
182232,8
-1,-1
-1,-1
-1,-1
-1,-1
-1,-1
181461,195
-1,-1
154173,10
60909,14
277324,51
62746,483
145723,73
286388,27
-1,-1
511758,15
306621,480
-1,-1
221355,11
-1,-1
-1,-1
-1,-1
-1,-1
-1,-1
83454,37
103039,69
-1,-1
373906,9
-1,-1
24606,353
161320,11
10542,874
-1,-1
-1,-1
-1,-1
-1,-1
107067,447
59180,70
-1,-1
-1,-1
-1,-1
37830,50
-1,-1
-1,-1
477915,29
261902,388
26143,320
196971,372
