135235,2149,248765136
226563,99,14032861
443639,92,7131154
217773,99,16350144
144235,99,30959427
78458,99,40920093
360754,83,2777568
331599,99,13343959
515837,90,5597639
275824,91,6007508
340927,91,6180609
67581,99,13338177
82552,99,13688001
258156,91,6215306
197225,89,4970369
200763,92,6684803
172254,91,6098808
139608,90,5433780
151513,97,11204980
171973,98,12259957
304545,95,9098173
221125,83,2863433
120004,95,8863302
153663,88,4745085
-1,-1
-1,-1
-1,-1
-1,-1
-1,-1
-1,-1
27170,1175
16585,243
25800,230
26548,435
85429,216
82948,48
273790,3
38244,1405
20409,2568
92592,776
59358,295
47350,5198
87615,289
23352,1960
-1,-1
533729,71
-1,-1
-1,-1
37899,231
263034,32
100224,173
-1,-1
219199,8
-1,-1
64371,268
-1,-1
-1,-1
-1,-1
203320,195
-1,-1
208281,10
108560,14
240203,102
73996,491
170735,73
210867,47
-1,-1
553521,18
319741,588
-1,-1
254029,11
4881,277
-1,-1
-1,-1
-1,-1
35860,7
-1,-1
122023,37
120335,70
-1,-1
141296,43
365438,12
-1,-1
-1,-1
33122,353
159610,18
9936,1083
29104,97
-1,-1
-1,-1
-1,-1
102852,566
59054,86
-1,-1
87193,1
-1,-1
66020,51
183561,14
-1,-1
540442,29
299112,389
16355,527
160396,631
