257761,2002,164125825
600647,88,4497122
651997,84,3200828
724518,92,6724866
635364,95,8869233
547556,95,9156210
298667,83,2824499
726657,90,5383583
159454,99,13186038
150999,98,12294036
400210,87,4166667
709080,76,1416420
612404,84,2980502
248054,89,4906228
285305,84,3050130
330552,82,2582593
219675,87,4216815
333227,79,1914044
257654,85,3386554
522135,84,3055941
3909,99,58883214
339805,74,1097587
186387,86,3817938
420053,82,2514777
-1,-1
-1,-1
-1,-1
-1,-1
-1,-1
-1,-1
57057,647
29346,103
17604,259
99245,134
199463,100
98045,35
97275,16
-1,-1
-1,-1
-1,-1
258168,53
-1,-1
-1,-1
-1,-1
109818,414
212627,5
-1,-1
-1,-1
-1,-1
-1,-1
-1,-1
-1,-1
204122,10
231707,6
-1,-1
48616,100
203106,77
95495,370
201826,78
78409,25
20202,175
-1,-1
79496,350
24438,500
9164,230
84477,143
292619,82
-1,-1
129077,33
-1,-1
137113,1
-1,-1
-1,-1
-1,-1
253445,5
73486,45
75378,98
-1,-1
-1,-1
-1,-1
372866,27
-1,-1
-1,-1
-1,-1
-1,-1
-1,-1
-1,-1
-1,-1
-1,-1
-1,-1
-1,-1
-1,-1
-1,-1
-1,-1
34211,112
63579,1009
907384,51
167796,20
189757,395
