278813,2036,189980412
650400,90,5366691
700401,86,3607621
747951,94,8528644
633495,97,11134806
563351,97,11480544
357459,84,3117354
768251,92,6772157
182794,99,13234368
69450,99,13857670
404148,90,5430538
625972,80,2151321
478558,90,5491844
317443,89,4922859
358753,84,3067208
429791,83,2870427
273051,88,4450716
390218,80,2033418
331041,85,3419981
514764,87,4173793
4367,99,67080931
392471,75,1304670
245896,86,3859615
505011,82,2623236
-1,-1
-1,-1
-1,-1
-1,-1
-1,-1
-1,-1
37306,1017
18384,244
17700,345
64981,234
183051,128
102440,42
95280,24
-1,-1
-1,-1
-1,-1
309493,81
-1,-1
-1,-1
-1,-1
-1,-1
-1,-1
-1,-1
68654,615
260867,5
-1,-1
-1,-1
-1,-1
314687,5
-1,-1
-1,-1
271882,10
292963,6
-1,-1
35821,150
180059,134
80755,478
179381,133
88636,25
53013,175
-1,-1
99969,350
31863,500
9517,264
79192,200
248895,127
-1,-1
107877,94
-1,-1
-1,-1
160378,1
-1,-1
-1,-1
-1,-1
297790,5
127422,45
99165,98
-1,-1
31150,275
-1,-1
-1,-1
-1,-1
150366,130
-1,-1
-1,-1
-1,-1
-1,-1
-1,-1
-1,-1
-1,-1
-1,-1
-1,-1
-1,-1
-1,-1
-1,-1
-1,-1
-1,-1
55676,112
61616,1124
576183,170
222745,20
192362,500
