276356,2030,185829958
634350,90,5366131
683685,86,3607370
777942,93,7520263
642557,96,10542306
555730,97,11237481
350356,84,3048279
772041,91,6380087
176096,99,13234368
66796,99,13857570
439850,88,4606524
613189,80,2151321
463519,90,5491844
307690,89,4922859
346985,84,3067208
411257,83,2868315
262207,88,4449144
374525,80,2033245
318741,85,3419838
525703,86,3839377
4228,99,66400998
380582,75,1302795
236961,86,3859399
488306,82,2623236
-1,-1
-1,-1
-1,-1
-1,-1
-1,-1
-1,-1
36325,1002
17018,244
16888,345
65495,228
190911,120
100722,41
91799,24
-1,-1
-1,-1
-1,-1
292950,81
-1,-1
-1,-1
-1,-1
-1,-1
74849,580
252793,5
-1,-1
-1,-1
-1,-1
306800,5
-1,-1
-1,-1
262735,10
285302,6
-1,-1
34490,150
176022,134
78874,478
175628,133
87117,25
49123,175
-1,-1
97152,350
30682,500
9329,261
77264,200
244713,127
-1,-1
118915,68
-1,-1
-1,-1
155838,1
-1,-1
-1,-1
-1,-1
290393,5
119319,45
93331,98
-1,-1
55663,150
-1,-1
-1,-1
-1,-1
143514,130
-1,-1
-1,-1
-1,-1
-1,-1
-1,-1
-1,-1
-1,-1
-1,-1
-1,-1
-1,-1
-1,-1
-1,-1
-1,-1
53054,112
60383,1124
559440,170
213594,20
188428,500
