266965,2021,178414969
609813,90,5353513
658429,85,3536836
777061,92,6876427
635378,96,9989715
551351,96,10430010
327349,84,3025065
734879,91,6249918
166512,99,13231248
65927,99,13743269
433591,87,4261192
585618,80,2146039
567508,86,3732098
284969,89,4922829
322905,84,3067190
370590,83,2868210
243591,88,4448345
359733,80,1991216
295991,85,3416734
530998,85,3421457
4057,99,63978030
357004,75,1295920
216011,86,3852751
458089,82,2576957
-1,-1
-1,-1
-1,-1
-1,-1
-1,-1
-1,-1
33644,986
14485,244
15331,345
62596,227
199993,108
95636,40
88741,22
-1,-1
-1,-1
-1,-1
259699,81
-1,-1
-1,-1
-1,-1
-1,-1
72553,572
237924,5
-1,-1
-1,-1
-1,-1
288659,5
-1,-1
-1,-1
241688,10
265958,6
-1,-1
31293,150
218229,77
102592,370
216081,78
84077,25
39916,175
-1,-1
90776,350
28009,500
9118,251
72306,200
308014,83
-1,-1
115145,61
-1,-1
-1,-1
147377,1
-1,-1
-1,-1
-1,-1
276490,5
100370,45
86783,98
-1,-1
53218,120
-1,-1
-1,-1
-1,-1
129214,130
-1,-1
-1,-1
-1,-1
-1,-1
-1,-1
-1,-1
-1,-1
-1,-1
-1,-1
-1,-1
-1,-1
-1,-1
-1,-1
45601,112
59604,1124
805428,85
190978,20
181169,500
