260686,2004,166059408
599369,88,4700795
656804,85,3258775
731658,92,6758118
638725,95,8958856
549713,95,9295048
304924,83,2824503
735476,90,5406913
162354,99,13186038
126648,99,13052637
406072,87,4169307
718357,76,1416420
621706,84,2980502
254381,89,4906428
291621,84,3050130
347198,82,2582593
224282,87,4217904
339247,79,1914135
262189,85,3394904
526873,84,3075941
3979,99,59472784
347101,74,1098697
190146,86,3823203
427760,82,2514777
-1,-1
-1,-1
-1,-1
-1,-1
-1,-1
-1,-1
49619,718
29949,105
18139,260
67478,200
200277,101
99931,35
95282,17
-1,-1
-1,-1
-1,-1
270018,53
-1,-1
-1,-1
-1,-1
111496,414
216430,5
-1,-1
-1,-1
-1,-1
-1,-1
-1,-1
-1,-1
210887,10
237644,6
-1,-1
49532,100
205546,77
96600,370
204066,78
79380,25
24594,175
-1,-1
81133,350
24975,500
9280,232
86108,143
295329,82
-1,-1
131328,33
-1,-1
138634,1
-1,-1
-1,-1
-1,-1
256926,5
78595,45
77367,98
-1,-1
-1,-1
-1,-1
384490,27
-1,-1
-1,-1
-1,-1
-1,-1
-1,-1
-1,-1
-1,-1
-1,-1
-1,-1
-1,-1
-1,-1
-1,-1
-1,-1
36656,112
63354,1009
921972,51
171977,20
192037,395
