272914,1984,153312076
593168,88,4492319
643986,84,3200678
740751,91,6359388
633419,94,8744489
539225,95,9152140
291849,83,2824414
719444,90,5348569
157164,99,13182143
238578,90,5493764
394512,87,4162550
742531,75,1297646
604021,84,2980502
365709,83,2677042
279019,84,3050130
322350,82,2580872
215200,87,4212369
327012,79,1914041
252517,85,3381576
515726,84,3055941
3949,99,57790641
334501,73,1079841
182780,86,3817884
413162,82,2513137
-1,-1
-1,-1
-1,-1
-1,-1
-1,-1
57067,638
28793,102
17277,257
99189,132
197253,100
96345,35
112546,12
-1,-1
-1,-1
-1,-1
247259,53
-1,-1
-1,-1
-1,-1
108018,414
209131,5
-1,-1
-1,-1
-1,-1
-1,-1
-1,-1
-1,-1
197525,10
225708,6
-1,-1
47872,100
200750,77
94485,370
199538,78
77478,25
41738,15
-1,-1
78007,350
24053,500
9535,223
82986,143
289930,82
-1,-1
127109,33
-1,-1
135714,1
-1,-1
-1,-1
-1,-1
250249,5
68722,45
73609,98
-1,-1
-1,-1
-1,-1
389142,21
-1,-1
-1,-1
-1,-1
-1,-1
-1,-1
-1,-1
-1,-1
-1,-1
-1,-1
-1,-1
-1,-1
-1,-1
-1,-1
32550,112
62880,1009
894123,51
163952,20
187645,395
