271984,1985,153655120
593452,88,4492319
644339,84,3200678
741105,91,6359388
633813,94,8744489
539537,95,9152140
292079,83,2824414
719978,90,5348569
157287,99,13182143
238751,90,5493764
394748,87,4162550
742877,75,1297646
604333,84,2980502
338214,84,3020086
279239,84,3050130
322669,82,2580872
215364,87,4212369
327238,79,1914041
252751,85,3381576
515943,84,3055941
3949,99,57790641
334854,73,1079841
182903,86,3817884
413407,82,2513137
-1,-1
-1,-1
-1,-1
-1,-1
-1,-1
57110,638
28816,102
17292,257
99247,132
197330,100
96398,35
112620,12
-1,-1
-1,-1
-1,-1
247668,53
-1,-1
-1,-1
-1,-1
108077,414
209249,5
-1,-1
-1,-1
-1,-1
-1,-1
-1,-1
-1,-1
197785,10
225908,6
-1,-1
47898,100
200826,77
94524,370
199615,78
77520,25
42154,15
-1,-1
78065,350
24065,500
9542,223
83043,143
290029,82
-1,-1
127165,33
-1,-1
135777,1
-1,-1
-1,-1
-1,-1
250349,5
68901,45
73691,98
-1,-1
-1,-1
-1,-1
389614,21
-1,-1
-1,-1
-1,-1
-1,-1
-1,-1
-1,-1
-1,-1
-1,-1
-1,-1
-1,-1
-1,-1
-1,-1
-1,-1
32594,112
62929,1009
894569,51
164103,20
187752,395
