199904,2061,170839010
125338,99,16587349
162058,99,14034133
242493,99,14841146
250503,99,21427818
359653,99,14213412
363268,81,2233777
535238,94,8662105
351568,98,12302037
261354,90,5466707
565150,81,2375730
212389,91,6497050
368549,92,6564848
274915,88,4499527
320245,83,2876562
386841,82,2446145
286834,85,3283221
270798,81,2336489
139000,96,9901581
391244,89,5106398
270138,95,8854653
320034,77,1476261
388395,79,1859852
261381,84,2992209
-1,-1
-1,-1
-1,-1
-1,-1
-1,-1
-1,-1
570202,52
1058199,2
1164977,2
501137,15
440789,31
482021,2
-1,-1
-1,-1
-1,-1
-1,-1
89623,207
-1,-1
-1,-1
-1,-1
342992,133
-1,-1
171979,14
-1,-1
-1,-1
-1,-1
-1,-1
-1,-1
-1,-1
-1,-1
-1,-1
248867,25
314888,15
134323,278
315442,15
-1,-1
-1,-1
117842,289
412095,5
-1,-1
371682,18
208400,13
-1,-1
361303,260
-1,-1
195251,21
-1,-1
-1,-1
-1,-1
-1,-1
-1,-1
-1,-1
-1,-1
-1,-1
373689,9
-1,-1
442181,20
199925,6
75498,215
-1,-1
-1,-1
-1,-1
-1,-1
-1,-1
-1,-1
-1,-1
-1,-1
-1,-1
-1,-1
-1,-1
-1,-1
397888,59
291222,344
-1,-1
242891,223
