213357,2027,151184028
119951,99,16365513
158514,99,13875010
232635,99,14513027
235611,99,20880947
352237,99,13729514
427756,78,1688808
603860,92,6919588
420697,91,5950697
269623,88,4396138
532466,81,2323425
262564,89,5102570
340910,92,6521599
258451,87,4048298
360231,80,2002532
350961,81,2279881
306433,82,2466806
244070,81,2336309
130342,95,8816037
376163,89,4878373
288981,92,6521495
330786,73,1025847
389679,77,1559307
238008,84,2982307
-1,-1
-1,-1
-1,-1
-1,-1
-1,-1
548093,49
1504474,1
1521461,1
491795,14
417218,31
455652,2
-1,-1
-1,-1
-1,-1
-1,-1
112241,148
-1,-1
-1,-1
-1,-1
320907,133
-1,-1
147747,14
-1,-1
-1,-1
-1,-1
-1,-1
-1,-1
-1,-1
-1,-1
-1,-1
260130,10
284087,15
129537,270
285062,15
-1,-1
105538,289
346719,5
-1,-1
339289,18
183168,13
-1,-1
336722,260
-1,-1
180607,18
-1,-1
-1,-1
-1,-1
-1,-1
-1,-1
-1,-1
-1,-1
-1,-1
351121,9
-1,-1
366444,20
155773,6
61642,186
-1,-1
-1,-1
-1,-1
-1,-1
-1,-1
-1,-1
-1,-1
-1,-1
-1,-1
370191,59
266709,344
-1,-1
301075,59
