205509,2061,170839010
127947,99,16587349
165107,99,14034133
247655,99,14841146
256157,99,21427818
366113,99,14213412
371760,81,2233777
545604,94,8662105
357827,98,12302037
268738,90,5466707
574038,81,2375730
216249,91,6497050
376025,92,6564848
282117,88,4499527
327875,83,2876562
398031,82,2446145
293541,85,3283221
276874,81,2336489
141753,96,9901581
397897,89,5106398
277147,95,8854653
325858,77,1476261
396024,79,1859852
268514,84,2992209
-1,-1
-1,-1
-1,-1
-1,-1
-1,-1
-1,-1
578261,52
1071461,2
1172265,2
506753,15
446015,31
487939,2
-1,-1
-1,-1
-1,-1
-1,-1
92933,207
-1,-1
-1,-1
-1,-1
347885,133
-1,-1
175820,14
-1,-1
-1,-1
-1,-1
-1,-1
-1,-1
-1,-1
-1,-1
-1,-1
253016,25
320526,15
136276,278
320987,15
-1,-1
-1,-1
120654,289
424521,5
-1,-1
379100,18
213357,13
-1,-1
367183,260
-1,-1
199053,21
-1,-1
-1,-1
-1,-1
-1,-1
-1,-1
-1,-1
-1,-1
-1,-1
-1,-1
378993,9
-1,-1
457356,20
207071,6
79016,215
-1,-1
-1,-1
-1,-1
-1,-1
-1,-1
-1,-1
-1,-1
-1,-1
-1,-1
-1,-1
-1,-1
-1,-1
404416,59
296932,344
-1,-1
246198,223
