211632,2072,178743926
137962,99,16587349
177266,99,14034133
264549,99,14848010
277055,99,21427818
390148,99,14213412
403333,81,2235477
552714,95,8990332
362711,99,13034547
290183,90,5489007
604311,81,2375730
225926,92,6572720
401780,92,6564848
227563,93,7369720
355639,83,2879062
430754,82,2519205
316324,85,3288093
305065,81,2343446
140912,99,13034507
420863,89,5106398
290622,95,9410590
351262,77,1476261
426243,79,1951052
294666,84,2992209
-1,-1
-1,-1
-1,-1
-1,-1
-1,-1
-1,-1
611664,52
1126734,2
1208696,2
530826,15
468207,31
512381,2
-1,-1
-1,-1
-1,-1
-1,-1
109960,207
-1,-1
-1,-1
-1,-1
-1,-1
365293,133
-1,-1
195047,14
-1,-1
-1,-1
-1,-1
-1,-1
-1,-1
-1,-1
-1,-1
-1,-1
269608,25
340732,15
144087,278
340804,15
-1,-1
-1,-1
129548,289
460360,5
-1,-1
405721,18
229702,13
-1,-1
387101,260
-1,-1
211274,21
-1,-1
-1,-1
-1,-1
-1,-1
-1,-1
-1,-1
-1,-1
-1,-1
-1,-1
-1,-1
396881,9
-1,-1
-1,-1
510249,20
231587,6
91387,215
-1,-1
-1,-1
-1,-1
-1,-1
-1,-1
-1,-1
-1,-1
-1,-1
-1,-1
-1,-1
-1,-1
-1,-1
427155,59
317339,344
-1,-1
258134,223
