216839,2027,151230615
121386,99,16366201
160212,99,13875010
234977,99,14525003
239079,99,20892613
356372,99,13740964
434354,78,1688808
611229,92,6925339
425300,91,5952332
276559,88,4396328
537807,81,2323425
265515,89,5103540
344920,92,6521599
262632,87,4049248
365166,80,2003482
355942,81,2280071
310704,82,2466946
247615,81,2336309
132356,95,8816037
380171,89,4878373
293175,92,6521526
335701,73,1025847
394768,77,1559307
241796,84,2982307
-1,-1
-1,-1
-1,-1
-1,-1
-1,-1
553384,49
1512243,1
1526317,1
495462,14
420858,31
459667,2
-1,-1
-1,-1
-1,-1
-1,-1
116696,148
-1,-1
-1,-1
-1,-1
324430,133
-1,-1
151107,14
-1,-1
-1,-1
-1,-1
-1,-1
-1,-1
-1,-1
-1,-1
-1,-1
270283,10
290149,15
131276,270
291066,15
-1,-1
107279,289
358319,5
-1,-1
343604,18
187430,13
-1,-1
340266,260
-1,-1
184564,18
-1,-1
-1,-1
-1,-1
-1,-1
-1,-1
-1,-1
-1,-1
-1,-1
354520,9
-1,-1
377833,20
163686,6
63303,191
-1,-1
-1,-1
-1,-1
-1,-1
-1,-1
-1,-1
-1,-1
-1,-1
-1,-1
374669,59
269994,344
-1,-1
304461,59
